101,1,1,1,1,1,1
101,1,2,3,1,1,0
101,1,1,1,1,1,1
101,1,4,5,1,1,0
101,1,1,1,1,1,1
101,1,4,3,1,1,0
101,1,1,1,1,1,1
101,1,6,4,1,1,0
101,1,1,1,1,1,1
101,1,2,5,1,1,0
101,1,1,1,1,1,1
101,1,2,5,1,1,0
101,1,1,1,1,1,1
101,1,2,2,1,1,0
101,1,1,1,1,1,1
101,1,5,5,1,1,0
101,1,1,1,1,1,1
101,1,5,2,1,1,0
101,1,1,1,1,1,1
101,1,4,3,1,1,0
101,1,1,1,1,1,1
101,1,6,5,1,1,0
101,1,1,1,1,1,1
101,1,2,2,1,1,0
101,1,1,1,1,1,1
101,1,2,4,1,1,0
101,1,1,1,1,1,1
101,1,4,2,1,1,0
101,1,1,1,1,1,1
101,1,2,6,1,1,0
101,1,1,1,1,1,1
101,1,4,2,1,1,0
101,1,1,1,1,1,1
101,1,3,2,1,1,0
101,1,1,1,1,1,1
101,1,2,5,1,1,0
101,1,1,1,1,1,1
101,1,2,2,1,1,0
101,1,1,1,1,1,1
101,1,5,5,1,1,0
101,1,1,1,1,1,1
101,1,6,2,1,1,0
101,1,1,1,1,1,1
101,1,2,2,1,1,0
101,1,1,1,1,1,1
101,1,5,3,1,1,0
101,1,1,1,1,1,1
101,1,2,4,1,1,0
101,1,1,1,1,1,1
101,1,2,3,1,1,0
101,1,1,1,1,1,1
101,1,3,5,1,1,0
101,1,1,1,1,1,1
101,1,2,5,1,1,0
101,1,1,1,1,1,1
101,1,2,5,1,1,0
101,1,1,1,1,1,1
101,1,6,4,1,1,0
101,1,1,1,1,1,1
101,1,4,2,1,1,0
101,1,1,1,1,1,1
101,1,2,5,1,1,0
101,1,1,1,1,1,1
101,1,3,5,1,1,0
101,1,1,1,1,1,1
101,1,2,5,1,1,0
101,1,1,1,1,1,1
101,1,3,4,1,1,0
101,1,1,1,1,1,1
101,1,4,4,1,1,0
101,1,1,1,1,1,1
101,1,5,6,1,1,0
101,1,1,1,1,1,1
101,1,2,2,1,1,0
101,1,1,1,1,1,1
101,1,6,2,1,1,0
101,1,1,1,1,1,1
101,1,3,3,1,1,0
101,1,1,1,1,1,1
101,1,5,2,1,1,0
101,1,1,1,1,1,1
101,1,6,2,1,1,0
101,1,1,1,1,1,1
101,1,2,5,1,1,0
101,1,1,1,1,1,1
101,1,3,3,1,1,0
101,1,1,1,1,1,1
101,1,2,2,1,1,0
101,1,1,1,1,1,1
101,1,6,5,1,1,0
101,1,1,1,1,1,1
101,1,2,2,1,1,0
101,1,1,1,1,1,1
101,1,3,6,1,1,0
101,1,1,1,1,1,1
101,1,3,2,1,1,0
101,1,1,1,1,1,1
101,1,6,2,1,1,0
101,1,1,1,1,1,1
101,1,2,3,1,1,0
101,1,1,3,1,1,1
101,1,4,1,1,1,0
101,1,1,3,1,1,1
101,1,5,4,1,1,0
101,1,1,3,1,1,1
101,1,4,4,1,1,0
101,1,1,3,1,1,1
101,1,5,1,1,1,0
101,1,1,3,1,1,1
101,1,2,6,1,1,0
101,1,1,3,1,1,1
101,1,6,6,1,1,0
101,1,1,3,1,1,1
101,1,3,5,1,1,0
101,1,1,3,1,1,1
101,1,6,4,1,1,0
101,1,1,3,1,1,1
101,1,6,1,1,1,0
101,1,1,3,1,1,1
101,1,5,1,1,1,0
101,1,1,3,1,1,1
101,1,4,1,1,1,0
101,1,1,3,1,1,1
101,1,6,2,1,1,0
101,1,1,3,1,1,1
101,1,2,5,1,1,0
101,1,1,3,1,1,1
101,1,5,2,1,1,0
101,1,1,3,1,1,1
101,1,5,6,1,1,0
101,1,1,3,1,1,1
101,1,4,1,1,1,0
101,1,1,3,1,1,1
101,1,6,4,1,1,0
101,1,1,3,1,1,1
101,1,5,1,1,1,0
101,1,1,3,1,1,1
101,1,3,4,1,1,0
101,1,1,3,1,1,1
101,1,4,4,1,1,0
101,1,1,3,1,1,1
101,1,2,4,1,1,0
101,1,1,3,1,1,1
101,1,4,4,1,1,0
101,1,1,3,1,1,1
101,1,5,5,1,1,0
101,1,1,3,1,1,1
101,1,6,5,1,1,0
101,1,1,3,1,1,1
101,1,2,6,1,1,0
101,1,1,3,1,1,1
101,1,2,2,1,1,0
101,1,1,3,1,1,1
101,1,2,4,1,1,0
101,1,1,3,1,1,1
101,1,2,2,1,1,0
101,1,1,3,1,1,1
101,1,5,4,1,1,0
101,1,1,3,1,1,1
101,1,2,4,1,1,0
101,1,1,3,1,1,1
101,1,2,2,1,1,0
101,1,1,3,1,1,1
101,1,3,6,1,1,0
101,1,1,3,1,1,1
101,1,2,6,1,1,0
101,1,1,3,1,1,1
101,1,3,4,1,1,0
101,1,1,3,1,1,1
101,1,6,4,1,1,0
101,1,1,3,1,1,1
101,1,3,6,1,1,0
101,1,1,3,1,1,1
101,1,3,6,1,1,0
101,1,1,3,1,1,1
101,1,5,4,1,1,0
101,1,1,3,1,1,1
101,1,3,6,1,1,0
101,1,1,3,1,1,1
101,1,2,5,1,1,0
101,1,1,3,1,1,1
101,1,5,2,1,1,0
101,1,1,3,1,1,1
101,1,5,4,1,1,0
101,1,1,3,1,1,1
101,1,4,4,1,1,0
101,1,1,3,1,1,1
101,1,5,4,1,1,0
101,1,1,3,1,1,1
101,1,3,4,1,1,0
101,1,1,3,1,1,1
101,1,3,1,1,1,0
101,1,1,3,1,1,1
101,1,2,4,1,1,0
101,1,1,3,1,1,1
101,1,2,6,1,1,0
101,1,1,3,1,1,1
101,1,5,2,1,1,0
101,1,1,3,1,1,1
101,1,2,4,1,1,0
102,1,1,6,1,1,1
102,1,3,5,1,1,0
102,1,1,6,1,1,1
102,1,3,5,1,1,0
102,1,1,6,1,1,1
102,1,3,1,1,1,0
102,1,1,6,1,1,1
102,1,5,5,1,1,0
102,1,1,6,1,1,1
102,1,5,3,1,1,0
102,1,1,6,1,1,1
102,1,3,2,1,1,0
102,1,1,6,1,1,1
102,1,2,5,1,1,0
102,1,1,6,1,1,1
102,1,4,5,1,1,0
102,1,1,6,1,1,1
102,1,5,1,1,1,0
102,1,1,6,1,1,1
102,1,6,5,1,1,0
102,1,1,6,1,1,1
102,1,2,5,1,1,0
102,1,1,6,1,1,1
102,1,3,4,1,1,0
102,1,1,6,1,1,1
102,1,2,5,1,1,0
102,1,1,6,1,1,1
102,1,3,3,1,1,0
102,1,1,6,1,1,1
102,1,2,4,1,1,0
102,1,1,6,1,1,1
102,1,5,3,1,1,0
102,1,1,6,1,1,1
102,1,5,1,1,1,0
102,1,1,6,1,1,1
102,1,5,3,1,1,0
102,1,1,6,1,1,1
102,1,2,5,1,1,0
102,1,1,6,1,1,1
102,1,6,3,1,1,0
102,1,1,6,1,1,1
102,1,4,4,1,1,0
102,1,1,6,1,1,1
102,1,3,2,1,1,0
102,1,1,6,1,1,1
102,1,5,5,1,1,0
102,1,1,6,1,1,1
102,1,2,5,1,1,0
102,1,1,6,1,1,1
102,1,3,5,1,1,0
102,1,1,6,1,1,1
102,1,3,2,1,1,0
102,1,1,6,1,1,1
102,1,4,3,1,1,0
102,1,1,6,1,1,1
102,1,6,3,1,1,0
102,1,1,6,1,1,1
102,1,3,3,1,1,0
102,1,1,6,1,1,1
102,1,6,1,1,1,0
102,1,1,6,1,1,1
102,1,4,5,1,1,0
102,1,1,6,1,1,1
102,1,4,4,1,1,0
102,1,1,6,1,1,1
102,1,6,5,1,1,0
102,1,1,6,1,1,1
102,1,2,4,1,1,0
102,1,1,6,1,1,1
102,1,3,5,1,1,0
102,1,1,6,1,1,1
102,1,6,2,1,1,0
102,1,1,6,1,1,1
102,1,4,1,1,1,0
102,1,1,6,1,1,1
102,1,4,1,1,1,0
102,1,1,6,1,1,1
102,1,4,1,1,1,0
102,1,1,6,1,1,1
102,1,5,5,1,1,0
102,1,1,6,1,1,1
102,1,2,5,1,1,0
102,1,1,6,1,1,1
102,1,3,2,1,1,0
102,1,1,6,1,1,1
102,1,3,3,1,1,0
102,1,1,6,1,1,1
102,1,4,1,1,1,0
102,1,1,6,1,1,1
102,1,4,2,1,1,0
102,1,1,6,1,1,1
102,1,6,2,1,1,0
102,1,1,6,1,1,1
102,1,2,3,1,1,0
102,1,1,6,1,1,1
102,1,2,1,1,1,0
102,1,1,6,1,1,1
102,1,2,1,1,1,0
102,1,1,6,1,1,1
102,1,3,1,1,1,0
102,1,1,6,1,1,1
102,1,4,3,1,1,0
102,1,1,6,1,1,1
102,1,2,4,1,1,0
102,1,1,6,1,1,1
102,1,2,2,1,1,0
102,1,1,6,1,1,1
102,1,5,2,1,1,0
102,1,1,6,1,1,1
102,1,2,1,1,1,0
102,1,1,6,1,1,1
102,1,2,4,1,1,0
102,1,1,6,1,1,1
102,1,4,4,1,1,0
102,1,1,6,1,1,1
102,1,3,4,1,1,0
102,1,1,6,1,1,1
102,1,6,5,1,1,0
102,1,1,6,1,1,1
102,1,5,3,1,1,0
102,1,1,6,1,1,1
102,1,2,5,1,1,0
102,1,1,6,1,1,1
102,1,5,5,1,1,0
102,1,1,6,1,1,1
102,1,4,5,1,1,0
102,1,1,6,1,1,1
102,1,6,3,1,1,0
102,1,1,6,1,1,1
102,1,2,4,1,1,0
102,1,1,6,1,1,1
102,1,5,4,1,1,0
102,1,1,6,1,1,1
102,1,2,3,1,1,0
102,1,1,6,1,1,1
102,1,2,5,1,1,0
102,1,1,6,1,1,1
102,1,2,5,1,1,0
102,1,1,6,1,1,1
102,1,5,4,1,1,0
102,1,1,6,1,1,1
102,1,4,3,1,1,0
102,1,1,6,1,1,1
102,1,4,3,1,1,0
102,1,1,6,1,1,1
102,1,2,3,1,1,0
102,1,1,6,1,1,1
102,1,3,1,1,1,0
102,1,1,6,1,1,1
102,1,6,5,1,1,0
102,1,1,6,1,1,1
102,1,2,1,1,1,0
102,1,1,6,1,1,1
102,1,3,4,1,1,0
102,1,1,6,1,1,1
102,1,6,5,1,1,0
102,1,1,6,1,1,1
102,1,2,2,1,1,0
102,1,1,6,1,1,1
102,1,5,4,1,1,0
102,1,1,6,1,1,1
102,1,6,5,1,1,0
102,1,1,6,1,1,1
102,1,2,5,1,1,0
102,1,1,6,1,1,1
102,1,2,2,1,1,0
102,1,1,6,1,1,1
102,1,2,1,1,1,0
102,1,1,6,1,1,1
102,1,2,1,1,1,0
102,1,1,6,1,1,1
102,1,2,5,1,1,0
102,1,1,6,1,1,1
102,1,3,5,1,1,0
102,1,1,6,1,1,1
102,1,2,5,1,1,0
102,1,1,6,1,1,1
102,1,2,3,1,1,0
102,1,1,6,1,1,1
102,1,4,5,1,1,0
102,1,1,6,1,1,1
102,1,2,5,1,1,0
102,1,1,6,1,1,1
102,1,4,5,1,1,0
102,1,1,6,1,1,1
102,1,5,3,1,1,0
102,1,1,6,1,1,1
102,1,6,5,1,1,0
102,1,1,6,1,1,1
102,1,4,5,1,1,0
102,1,1,6,1,1,1
102,1,4,2,1,1,0
102,1,1,6,1,1,1
102,1,6,4,1,1,0
102,1,1,6,1,1,1
102,1,2,1,1,1,0
102,1,1,6,1,1,1
102,1,5,5,1,1,0
102,1,1,6,1,1,1
102,1,2,5,1,1,0
103,1,2,2,1,1,1
103,1,5,3,1,1,0
103,1,2,2,1,1,1
103,1,5,5,1,1,0
103,1,2,2,1,1,1
103,1,1,1,1,1,0
103,1,2,2,1,1,1
103,1,3,4,1,1,0
103,1,2,2,1,1,1
103,1,3,1,1,1,0
103,1,2,2,1,1,1
103,1,6,5,1,1,0
103,1,2,2,1,1,1
103,1,3,4,1,1,0
103,1,2,2,1,1,1
103,1,3,6,1,1,0
103,1,2,2,1,1,1
103,1,6,5,1,1,0
103,1,2,2,1,1,1
103,1,3,3,1,1,0
103,1,2,2,1,1,1
103,1,5,3,1,1,0
103,1,2,2,1,1,1
103,1,1,1,1,1,0
103,1,2,2,1,1,1
103,1,3,3,1,1,0
103,1,2,2,1,1,1
103,1,4,5,1,1,0
103,1,2,2,1,1,1
103,1,3,1,1,1,0
103,1,2,2,1,1,1
103,1,4,3,1,1,0
103,1,2,2,1,1,1
103,1,3,3,1,1,0
103,1,2,2,1,1,1
103,1,6,1,1,1,0
103,1,2,2,1,1,1
103,1,6,3,1,1,0
103,1,2,2,1,1,1
103,1,6,1,1,1,0
103,1,2,2,1,1,1
103,1,6,4,1,1,0
103,1,2,2,1,1,1
103,1,1,3,1,1,0
103,1,2,2,1,1,1
103,1,5,5,1,1,0
103,1,2,2,1,1,1
103,1,3,3,1,1,0
103,1,2,2,1,1,1
103,1,6,5,1,1,0
103,1,2,2,1,1,1
103,1,6,1,1,1,0
103,1,2,2,1,1,1
103,1,6,1,1,1,0
103,1,2,2,1,1,1
103,1,3,3,1,1,0
103,1,2,2,1,1,1
103,1,6,3,1,1,0
103,1,2,2,1,1,1
103,1,3,1,1,1,0
103,1,2,2,1,1,1
103,1,3,5,1,1,0
103,1,2,2,1,1,1
103,1,3,4,1,1,0
103,1,2,2,1,1,1
103,1,4,3,1,1,0
103,1,2,4,1,1,1
103,1,5,3,1,1,0
103,1,2,4,1,1,1
103,1,1,2,1,1,0
103,1,2,4,1,1,1
103,1,6,1,1,1,0
103,1,2,4,1,1,1
103,1,3,5,1,1,0
103,1,2,4,1,1,1
103,1,6,2,1,1,0
103,1,2,4,1,1,1
103,1,4,1,1,1,0
103,1,2,4,1,1,1
103,1,4,5,1,1,0
103,1,2,4,1,1,1
103,1,3,3,1,1,0
103,1,2,4,1,1,1
103,1,4,5,1,1,0
103,1,2,4,1,1,1
103,1,4,6,1,1,0
103,1,2,4,1,1,1
103,1,6,3,1,1,0
103,1,2,4,1,1,1
103,1,6,5,1,1,0
103,1,2,4,1,1,1
103,1,3,5,1,1,0
103,1,2,4,1,1,1
103,1,3,5,1,1,0
103,1,2,4,1,1,1
103,1,6,6,1,1,0
103,1,2,4,1,1,1
103,1,3,5,1,1,0
103,1,2,4,1,1,1
103,1,4,3,1,1,0
103,1,2,4,1,1,1
103,1,5,6,1,1,0
103,1,2,4,1,1,1
103,1,3,6,1,1,0
103,1,2,4,1,1,1
103,1,4,3,1,1,0
103,1,2,4,1,1,1
103,1,3,5,1,1,0
103,1,2,4,1,1,1
103,1,4,5,1,1,0
103,1,2,4,1,1,1
103,1,4,6,1,1,0
103,1,2,4,1,1,1
103,1,6,3,1,1,0
103,1,2,4,1,1,1
103,1,3,5,1,1,0
103,1,2,4,1,1,1
103,1,5,5,1,1,0
103,1,2,4,1,1,1
103,1,1,3,1,1,0
103,1,2,4,1,1,1
103,1,3,5,1,1,0
103,1,2,4,1,1,1
103,1,5,2,1,1,0
103,1,2,4,1,1,1
103,1,4,5,1,1,0
103,1,2,4,1,1,1
103,1,3,5,1,1,0
103,1,2,4,1,1,1
103,1,6,6,1,1,0
103,1,2,4,1,1,1
103,1,3,5,1,1,0
103,1,2,5,1,1,1
103,1,6,1,1,1,0
103,1,2,5,1,1,1
103,1,4,6,1,1,0
103,1,2,5,1,1,1
103,1,3,6,1,1,0
103,1,2,5,1,1,1
103,1,5,3,1,1,0
103,1,2,5,1,1,1
103,1,4,4,1,1,0
103,1,2,5,1,1,1
103,1,3,6,1,1,0
103,1,2,5,1,1,1
103,1,3,1,1,1,0
103,1,2,5,1,1,1
103,1,3,4,1,1,0
103,1,2,5,1,1,1
103,1,3,6,1,1,0
103,1,2,5,1,1,1
103,1,5,6,1,1,0
103,1,2,5,1,1,1
103,1,1,1,1,1,0
103,1,2,5,1,1,1
103,1,6,3,1,1,0
103,1,2,5,1,1,1
103,1,5,6,1,1,0
103,1,2,5,1,1,1
103,1,3,6,1,1,0
103,1,2,5,1,1,1
103,1,4,6,1,1,0
103,1,2,5,1,1,1
103,1,4,4,1,1,0
103,1,2,5,1,1,1
103,1,4,2,1,1,0
103,1,2,5,1,1,1
103,1,3,3,1,1,0
103,1,2,5,1,1,1
103,1,4,6,1,1,0
103,1,2,5,1,1,1
103,1,3,6,1,1,0
103,1,2,5,1,1,1
103,1,4,6,1,1,0
103,1,2,5,1,1,1
103,1,3,4,1,1,0
103,1,2,5,1,1,1
103,1,3,1,1,1,0
103,1,2,5,1,1,1
103,1,6,1,1,1,0
103,1,2,5,1,1,1
103,1,3,6,1,1,0
103,1,2,5,1,1,1
103,1,1,1,1,1,0
103,1,2,5,1,1,1
103,1,1,4,1,1,0
103,1,2,5,1,1,1
103,1,6,6,1,1,0
103,1,2,5,1,1,1
103,1,5,6,1,1,0
103,1,2,5,1,1,1
103,1,4,4,1,1,0
103,1,2,5,1,1,1
103,1,5,6,1,1,0
103,1,2,5,1,1,1
103,1,4,6,1,1,0
103,1,2,5,1,1,1
103,1,3,1,1,1,0
104,1,2,5,1,1,1
104,1,1,1,1,1,0
104,1,2,5,1,1,1
104,1,1,3,1,1,0
104,1,2,5,1,1,1
104,1,1,6,1,1,0
104,1,2,5,1,1,1
104,1,3,1,1,1,0
104,1,2,5,1,1,1
104,1,4,2,1,1,0
104,1,2,5,1,1,1
104,1,3,1,1,1,0
104,1,2,5,1,1,1
104,1,4,2,1,1,0
104,1,2,5,1,1,1
104,1,6,4,1,1,0
104,1,2,5,1,1,1
104,1,1,4,1,1,0
104,1,2,5,1,1,1
104,1,4,6,1,1,0
104,1,2,5,1,1,1
104,1,4,6,1,1,0
104,1,2,5,1,1,1
104,1,1,1,1,1,0
104,1,2,5,1,1,1
104,1,4,2,1,1,0
104,1,2,5,1,1,1
104,1,3,6,1,1,0
104,1,2,5,1,1,1
104,1,3,4,1,1,0
104,1,2,5,1,1,1
104,1,1,6,1,1,0
104,1,2,5,1,1,1
104,1,6,6,1,1,0
104,1,2,5,1,1,1
104,1,3,3,1,1,0
104,1,2,5,1,1,1
104,1,3,6,1,1,0
104,1,2,5,1,1,1
104,1,3,3,1,1,0
104,1,2,5,1,1,1
104,1,1,2,1,1,0
104,1,2,5,1,1,1
104,1,5,4,1,1,0
104,1,2,5,1,1,1
104,1,5,6,1,1,0
104,1,2,5,1,1,1
104,1,4,3,1,1,0
104,1,2,5,1,1,1
104,1,5,4,1,1,0
104,1,2,5,1,1,1
104,1,6,6,1,1,0
104,1,2,5,1,1,1
104,1,6,3,1,1,0
104,1,2,5,1,1,1
104,1,3,3,1,1,0
104,1,2,5,1,1,1
104,1,6,2,1,1,0
104,1,2,5,1,1,1
104,1,3,4,1,1,0
104,1,2,5,1,1,1
104,1,5,6,1,1,0
104,1,2,5,1,1,1
104,1,6,3,1,1,0
104,1,2,5,1,1,1
104,1,4,6,1,1,0
104,1,1,5,1,1,1
104,1,4,1,1,1,0
104,1,1,5,1,1,1
104,1,2,3,1,1,0
104,1,1,5,1,1,1
104,1,2,2,1,1,0
104,1,1,5,1,1,1
104,1,6,1,1,1,0
104,1,1,5,1,1,1
104,1,5,6,1,1,0
104,1,1,5,1,1,1
104,1,5,6,1,1,0
104,1,1,5,1,1,1
104,1,4,6,1,1,0
104,1,1,5,1,1,1
104,1,6,2,1,1,0
104,1,1,5,1,1,1
104,1,2,6,1,1,0
104,1,1,5,1,1,1
104,1,5,6,1,1,0
104,1,1,5,1,1,1
104,1,5,4,1,1,0
104,1,1,5,1,1,1
104,1,2,3,1,1,0
104,1,1,5,1,1,1
104,1,2,2,1,1,0
104,1,1,5,1,1,1
104,1,5,6,1,1,0
104,1,1,5,1,1,1
104,1,2,3,1,1,0
104,1,1,5,1,1,1
104,1,2,6,1,1,0
104,1,1,5,1,1,1
104,1,3,2,1,1,0
104,1,1,5,1,1,1
104,1,4,3,1,1,0
104,1,1,5,1,1,1
104,1,2,6,1,1,0
104,1,1,5,1,1,1
104,1,3,6,1,1,0
104,1,1,5,1,1,1
104,1,2,6,1,1,0
104,1,1,5,1,1,1
104,1,6,6,1,1,0
104,1,1,5,1,1,1
104,1,2,6,1,1,0
104,1,1,5,1,1,1
104,1,2,3,1,1,0
104,1,1,5,1,1,1
104,1,2,1,1,1,0
104,1,1,5,1,1,1
104,1,6,2,1,1,0
104,1,1,5,1,1,1
104,1,4,2,1,1,0
104,1,1,5,1,1,1
104,1,3,6,1,1,0
104,1,1,5,1,1,1
104,1,2,4,1,1,0
104,1,1,5,1,1,1
104,1,4,4,1,1,0
104,1,1,5,1,1,1
104,1,5,4,1,1,0
104,1,1,5,1,1,1
104,1,6,6,1,1,0
104,1,1,5,1,1,1
104,1,3,6,1,1,0
104,1,4,5,1,1,1
104,1,5,3,1,1,0
104,1,4,5,1,1,1
104,1,6,2,1,1,0
104,1,4,5,1,1,1
104,1,6,2,1,1,0
104,1,4,5,1,1,1
104,1,6,6,1,1,0
104,1,4,5,1,1,1
104,1,6,6,1,1,0
104,1,4,5,1,1,1
104,1,5,3,1,1,0
104,1,4,5,1,1,1
104,1,5,6,1,1,0
104,1,4,5,1,1,1
104,1,3,2,1,1,0
104,1,4,5,1,1,1
104,1,1,1,1,1,0
104,1,4,5,1,1,1
104,1,2,1,1,1,0
104,1,4,5,1,1,1
104,1,5,1,1,1,0
104,1,4,5,1,1,1
104,1,6,3,1,1,0
104,1,4,5,1,1,1
104,1,3,2,1,1,0
104,1,4,5,1,1,1
104,1,5,3,1,1,0
104,1,4,5,1,1,1
104,1,5,2,1,1,0
104,1,4,5,1,1,1
104,1,3,6,1,1,0
104,1,4,5,1,1,1
104,1,1,4,1,1,0
104,1,4,5,1,1,1
104,1,1,3,1,1,0
104,1,4,5,1,1,1
104,1,2,6,1,1,0
104,1,4,5,1,1,1
104,1,2,6,1,1,0
104,1,4,5,1,1,1
104,1,3,2,1,1,0
104,1,4,5,1,1,1
104,1,1,3,1,1,0
104,1,4,5,1,1,1
104,1,5,2,1,1,0
104,1,4,5,1,1,1
104,1,5,6,1,1,0
104,1,4,5,1,1,1
104,1,6,3,1,1,0
104,1,4,5,1,1,1
104,1,5,3,1,1,0
104,1,4,5,1,1,1
104,1,3,3,1,1,0
104,1,4,5,1,1,1
104,1,3,1,1,1,0
104,1,4,5,1,1,1
104,1,5,2,1,1,0
104,1,4,5,1,1,1
104,1,6,6,1,1,0
104,1,4,5,1,1,1
104,1,6,4,1,1,0
104,1,4,5,1,1,1
104,1,5,3,1,1,0
104,1,4,5,1,1,1
104,1,6,4,1,1,0
105,1,2,1,1,1,1
105,1,3,2,1,1,0
105,1,2,1,1,1,1
105,1,4,6,1,1,0
105,1,2,1,1,1,1
105,1,6,6,1,1,0
105,1,2,1,1,1,1
105,1,3,5,1,1,0
105,1,2,1,1,1,1
105,1,3,6,1,1,0
105,1,2,1,1,1,1
105,1,3,4,1,1,0
105,1,2,1,1,1,1
105,1,3,6,1,1,0
105,1,2,1,1,1,1
105,1,5,5,1,1,0
105,1,2,1,1,1,1
105,1,5,6,1,1,0
105,1,2,1,1,1,1
105,1,3,5,1,1,0
105,1,2,1,1,1,1
105,1,3,4,1,1,0
105,1,2,1,1,1,1
105,1,6,3,1,1,0
105,1,2,1,1,1,1
105,1,4,4,1,1,0
105,1,2,1,1,1,1
105,1,1,3,1,1,0
105,1,2,1,1,1,1
105,1,3,4,1,1,0
105,1,2,1,1,1,1
105,1,3,4,1,1,0
105,1,2,1,1,1,1
105,1,3,4,1,1,0
105,1,2,1,1,1,1
105,1,6,2,1,1,0
105,1,2,1,1,1,1
105,1,6,3,1,1,0
105,1,2,1,1,1,1
105,1,5,5,1,1,0
105,1,2,1,1,1,1
105,1,6,5,1,1,0
105,1,2,1,1,1,1
105,1,5,5,1,1,0
105,1,2,1,1,1,1
105,1,5,2,1,1,0
105,1,2,1,1,1,1
105,1,4,6,1,1,0
105,1,2,1,1,1,1
105,1,5,4,1,1,0
105,1,2,1,1,1,1
105,1,4,2,1,1,0
105,1,2,1,1,1,1
105,1,1,5,1,1,0
105,1,2,1,1,1,1
105,1,6,5,1,1,0
105,1,2,1,1,1,1
105,1,4,3,1,1,0
105,1,2,1,1,1,1
105,1,5,3,1,1,0
105,1,2,1,1,1,1
105,1,3,2,1,1,0
105,1,2,1,1,1,1
105,1,1,3,1,1,0
105,1,2,1,1,1,1
105,1,6,4,1,1,0
105,1,2,1,1,1,1
105,1,3,2,1,1,0
105,1,2,1,1,1,1
105,1,6,4,1,1,0
105,1,2,1,1,1,1
105,1,4,4,1,1,0
105,1,2,1,1,1,1
105,1,4,6,1,1,0
105,1,2,1,1,1,1
105,1,3,3,1,1,0
105,1,2,1,1,1,1
105,1,4,2,1,1,0
105,1,2,1,1,1,1
105,1,6,2,1,1,0
105,1,2,1,1,1,1
105,1,6,6,1,1,0
105,1,2,1,1,1,1
105,1,1,6,1,1,0
105,1,2,1,1,1,1
105,1,3,2,1,1,0
105,1,2,1,1,1,1
105,1,4,6,1,1,0
105,1,2,1,1,1,1
105,1,3,5,1,1,0
105,1,2,1,1,1,1
105,1,3,2,1,1,0
105,1,2,1,1,1,1
105,1,1,5,1,1,0
105,1,2,1,1,1,1
105,1,3,3,1,1,0
105,1,2,1,1,1,1
105,1,3,6,1,1,0
105,1,2,1,1,1,1
105,1,1,4,1,1,0
105,1,4,6,1,1,1
105,1,1,4,1,1,0
105,1,4,6,1,1,1
105,1,1,5,1,1,0
105,1,4,6,1,1,1
105,1,5,2,1,1,0
105,1,4,6,1,1,1
105,1,3,2,1,1,0
105,1,4,6,1,1,1
105,1,2,4,1,1,0
105,1,4,6,1,1,1
105,1,5,2,1,1,0
105,1,4,6,1,1,1
105,1,1,1,1,1,0
105,1,4,6,1,1,1
105,1,5,3,1,1,0
105,1,4,6,1,1,1
105,1,5,1,1,1,0
105,1,4,6,1,1,1
105,1,6,3,1,1,0
105,1,4,6,1,1,1
105,1,5,5,1,1,0
105,1,4,6,1,1,1
105,1,2,2,1,1,0
105,1,4,6,1,1,1
105,1,6,1,1,1,0
105,1,4,6,1,1,1
105,1,2,4,1,1,0
105,1,4,6,1,1,1
105,1,5,1,1,1,0
105,1,4,6,1,1,1
105,1,5,3,1,1,0
105,1,4,6,1,1,1
105,1,5,3,1,1,0
105,1,4,6,1,1,1
105,1,2,3,1,1,0
105,1,4,6,1,1,1
105,1,3,3,1,1,0
105,1,4,6,1,1,1
105,1,5,4,1,1,0
105,1,4,6,1,1,1
105,1,1,4,1,1,0
105,1,4,6,1,1,1
105,1,5,1,1,1,0
105,1,4,6,1,1,1
105,1,5,4,1,1,0
105,1,4,6,1,1,1
105,1,2,5,1,1,0
105,1,4,6,1,1,1
105,1,5,5,1,1,0
105,1,4,6,1,1,1
105,1,6,5,1,1,0
105,1,4,6,1,1,1
105,1,6,1,1,1,0
105,1,4,6,1,1,1
105,1,3,5,1,1,0
105,1,4,6,1,1,1
105,1,5,5,1,1,0
105,1,4,6,1,1,1
105,1,5,5,1,1,0
105,1,4,6,1,1,1
105,1,2,2,1,1,0
105,1,4,6,1,1,1
105,1,5,5,1,1,0
105,1,4,6,1,1,1
105,1,1,5,1,1,0
105,1,4,6,1,1,1
105,1,3,5,1,1,0
105,1,4,6,1,1,1
105,1,3,1,1,1,0
105,1,4,6,1,1,1
105,1,5,2,1,1,0
105,1,4,6,1,1,1
105,1,5,4,1,1,0
105,1,4,6,1,1,1
105,1,1,5,1,1,0
105,1,4,6,1,1,1
105,1,1,3,1,1,0
105,1,4,6,1,1,1
105,1,6,3,1,1,0
105,1,4,6,1,1,1
105,1,1,3,1,1,0
105,1,4,6,1,1,1
105,1,3,3,1,1,0
105,1,4,6,1,1,1
105,1,5,5,1,1,0
105,1,4,6,1,1,1
105,1,3,1,1,1,0
105,1,4,6,1,1,1
105,1,6,2,1,1,0
105,1,4,6,1,1,1
105,1,1,4,1,1,0
105,1,4,6,1,1,1
105,1,5,2,1,1,0
105,1,4,6,1,1,1
105,1,5,5,1,1,0
105,1,4,6,1,1,1
105,1,5,4,1,1,0
105,1,4,6,1,1,1
105,1,3,4,1,1,0
106,1,4,3,1,1,1
106,1,5,1,1,1,0
106,1,4,3,1,1,1
106,1,5,6,1,1,0
106,1,4,3,1,1,1
106,1,6,2,1,1,0
106,1,4,3,1,1,1
106,1,5,6,1,1,0
106,1,4,3,1,1,1
106,1,5,5,1,1,0
106,1,4,3,1,1,1
106,1,2,6,1,1,0
106,1,4,3,1,1,1
106,1,3,4,1,1,0
106,1,4,3,1,1,1
106,1,2,4,1,1,0
106,1,4,3,1,1,1
106,1,6,4,1,1,0
106,1,4,3,1,1,1
106,1,1,6,1,1,0
106,1,4,3,1,1,1
106,1,2,6,1,1,0
106,1,4,3,1,1,1
106,1,5,4,1,1,0
106,1,4,3,1,1,1
106,1,2,1,1,1,0
106,1,4,3,1,1,1
106,1,5,1,1,1,0
106,1,4,3,1,1,1
106,1,5,2,1,1,0
106,1,4,3,1,1,1
106,1,5,6,1,1,0
106,1,4,3,1,1,1
106,1,3,4,1,1,0
106,1,4,3,1,1,1
106,1,3,1,1,1,0
106,1,4,3,1,1,1
106,1,3,5,1,1,0
106,1,4,3,1,1,1
106,1,2,2,1,1,0
106,1,4,3,1,1,1
106,1,6,4,1,1,0
106,1,4,3,1,1,1
106,1,1,6,1,1,0
106,1,4,3,1,1,1
106,1,5,6,1,1,0
106,1,4,3,1,1,1
106,1,2,6,1,1,0
106,1,4,3,1,1,1
106,1,3,2,1,1,0
106,1,4,3,1,1,1
106,1,1,4,1,1,0
106,1,4,3,1,1,1
106,1,2,1,1,1,0
106,1,4,3,1,1,1
106,1,1,4,1,1,0
106,1,4,3,1,1,1
106,1,1,1,1,1,0
106,1,4,3,1,1,1
106,1,3,4,1,1,0
106,1,4,3,1,1,1
106,1,3,4,1,1,0
106,1,4,3,1,1,1
106,1,5,4,1,1,0
106,1,4,3,1,1,1
106,1,6,4,1,1,0
106,1,4,3,1,1,1
106,1,6,1,1,1,0
106,1,4,3,1,1,1
106,1,5,6,1,1,0
106,1,4,3,1,1,1
106,1,1,1,1,1,0
106,1,4,3,1,1,1
106,1,6,2,1,1,0
106,1,4,3,1,1,1
106,1,1,1,1,1,0
106,1,4,3,1,1,1
106,1,3,6,1,1,0
106,1,4,3,1,1,1
106,1,5,4,1,1,0
106,1,4,3,1,1,1
106,1,5,4,1,1,0
106,1,4,3,1,1,1
106,1,6,5,1,1,0
106,1,4,3,1,1,1
106,1,5,2,1,1,0
106,1,4,3,1,1,1
106,1,6,1,1,1,0
106,1,4,3,1,1,1
106,1,5,4,1,1,0
106,1,4,3,1,1,1
106,1,3,6,1,1,0
106,1,4,3,1,1,1
106,1,1,6,1,1,0
106,1,4,3,1,1,1
106,1,5,4,1,1,0
106,1,4,3,1,1,1
106,1,1,2,1,1,0
106,1,4,3,1,1,1
106,1,5,6,1,1,0
106,1,4,1,1,1,1
106,1,6,4,1,1,0
106,1,4,1,1,1,1
106,1,2,6,1,1,0
106,1,4,1,1,1,1
106,1,3,2,1,1,0
106,1,4,1,1,1,1
106,1,2,6,1,1,0
106,1,4,1,1,1,1
106,1,1,4,1,1,0
106,1,4,1,1,1,1
106,1,1,2,1,1,0
106,1,4,1,1,1,1
106,1,6,2,1,1,0
106,1,4,1,1,1,1
106,1,5,3,1,1,0
106,1,4,1,1,1,1
106,1,5,5,1,1,0
106,1,4,1,1,1,1
106,1,1,5,1,1,0
106,1,4,1,1,1,1
106,1,3,4,1,1,0
106,1,4,1,1,1,1
106,1,5,3,1,1,0
106,1,4,1,1,1,1
106,1,6,2,1,1,0
106,1,4,1,1,1,1
106,1,6,3,1,1,0
106,1,4,1,1,1,1
106,1,1,3,1,1,0
106,1,4,1,1,1,1
106,1,5,6,1,1,0
106,1,4,1,1,1,1
106,1,2,4,1,1,0
106,1,4,1,1,1,1
106,1,1,4,1,1,0
106,1,4,1,1,1,1
106,1,1,2,1,1,0
106,1,4,1,1,1,1
106,1,2,2,1,1,0
106,1,4,1,1,1,1
106,1,5,2,1,1,0
106,1,4,1,1,1,1
106,1,2,3,1,1,0
106,1,4,1,1,1,1
106,1,5,3,1,1,0
106,1,4,1,1,1,1
106,1,1,6,1,1,0
106,1,4,1,1,1,1
106,1,5,2,1,1,0
106,1,4,1,1,1,1
106,1,1,3,1,1,0
106,1,4,1,1,1,1
106,1,5,2,1,1,0
106,1,4,1,1,1,1
106,1,5,2,1,1,0
106,1,4,1,1,1,1
106,1,2,5,1,1,0
106,1,4,1,1,1,1
106,1,5,4,1,1,0
106,1,4,1,1,1,1
106,1,5,4,1,1,0
106,1,4,1,1,1,1
106,1,1,5,1,1,0
106,1,4,1,1,1,1
106,1,6,4,1,1,0
106,1,4,1,1,1,1
106,1,3,5,1,1,0
106,1,4,1,1,1,1
106,1,6,4,1,1,0
106,1,4,1,1,1,1
106,1,3,4,1,1,0
106,1,4,1,1,1,1
106,1,5,6,1,1,0
106,1,4,1,1,1,1
106,1,5,3,1,1,0
106,1,4,1,1,1,1
106,1,1,4,1,1,0
106,1,4,1,1,1,1
106,1,5,5,1,1,0
106,1,4,1,1,1,1
106,1,1,4,1,1,0
106,1,4,1,1,1,1
106,1,3,4,1,1,0
106,1,4,1,1,1,1
106,1,3,5,1,1,0
106,1,4,1,1,1,1
106,1,1,4,1,1,0
106,1,4,1,1,1,1
106,1,5,4,1,1,0
106,1,4,1,1,1,1
106,1,5,5,1,1,0
106,1,4,1,1,1,1
106,1,3,4,1,1,0
106,1,4,1,1,1,1
106,1,3,6,1,1,0
106,1,4,1,1,1,1
106,1,6,5,1,1,0
106,1,4,1,1,1,1
106,1,5,2,1,1,0
107,1,1,6,1,1,1
107,1,2,3,1,1,0
107,1,1,6,1,1,1
107,1,2,4,1,1,0
107,1,1,6,1,1,1
107,1,3,2,1,1,0
107,1,1,6,1,1,1
107,1,5,5,1,1,0
107,1,1,6,1,1,1
107,1,2,3,1,1,0
107,1,1,6,1,1,1
107,1,4,2,1,1,0
107,1,1,6,1,1,1
107,1,2,1,1,1,0
107,1,1,6,1,1,1
107,1,4,2,1,1,0
107,1,1,6,1,1,1
107,1,6,1,1,1,0
107,1,1,6,1,1,1
107,1,3,2,1,1,0
107,1,1,6,1,1,1
107,1,6,4,1,1,0
107,1,1,6,1,1,1
107,1,2,5,1,1,0
107,1,1,6,1,1,1
107,1,2,2,1,1,0
107,1,1,6,1,1,1
107,1,4,1,1,1,0
107,1,1,6,1,1,1
107,1,2,1,1,1,0
107,1,1,6,1,1,1
107,1,2,3,1,1,0
107,1,1,6,1,1,1
107,1,6,2,1,1,0
107,1,1,6,1,1,1
107,1,2,4,1,1,0
107,1,1,6,1,1,1
107,1,6,5,1,1,0
107,1,1,6,1,1,1
107,1,2,4,1,1,0
107,1,1,6,1,1,1
107,1,6,4,1,1,0
107,1,1,6,1,1,1
107,1,3,5,1,1,0
107,1,1,6,1,1,1
107,1,4,2,1,1,0
107,1,1,6,1,1,1
107,1,5,5,1,1,0
107,1,1,6,1,1,1
107,1,6,1,1,1,0
107,1,1,6,1,1,1
107,1,6,2,1,1,0
107,1,1,6,1,1,1
107,1,3,2,1,1,0
107,1,1,6,1,1,1
107,1,3,5,1,1,0
107,1,1,6,1,1,1
107,1,2,5,1,1,0
107,1,1,6,1,1,1
107,1,3,5,1,1,0
107,1,1,6,1,1,1
107,1,3,5,1,1,0
107,1,1,6,1,1,1
107,1,3,5,1,1,0
107,1,1,6,1,1,1
107,1,3,3,1,1,0
107,1,1,6,1,1,1
107,1,3,5,1,1,0
107,1,1,6,1,1,1
107,1,2,1,1,1,0
107,1,1,6,1,1,1
107,1,2,1,1,1,0
107,1,1,6,1,1,1
107,1,2,2,1,1,0
107,1,1,6,1,1,1
107,1,2,4,1,1,0
107,1,1,6,1,1,1
107,1,4,5,1,1,0
107,1,1,6,1,1,1
107,1,2,1,1,1,0
107,1,1,6,1,1,1
107,1,2,5,1,1,0
107,1,1,6,1,1,1
107,1,2,4,1,1,0
107,1,1,6,1,1,1
107,1,2,1,1,1,0
107,1,1,6,1,1,1
107,1,3,2,1,1,0
107,1,1,6,1,1,1
107,1,6,3,1,1,0
107,1,1,6,1,1,1
107,1,5,3,1,1,0
107,1,1,6,1,1,1
107,1,6,3,1,1,0
107,1,1,6,1,1,1
107,1,6,2,1,1,0
107,1,1,6,1,1,1
107,1,2,1,1,1,0
107,1,1,6,1,1,1
107,1,4,1,1,1,0
107,1,1,5,1,1,1
107,1,5,4,1,1,0
107,1,1,5,1,1,1
107,1,6,2,1,1,0
107,1,1,5,1,1,1
107,1,5,2,1,1,0
107,1,1,5,1,1,1
107,1,6,6,1,1,0
107,1,1,5,1,1,1
107,1,2,6,1,1,0
107,1,1,5,1,1,1
107,1,2,6,1,1,0
107,1,1,5,1,1,1
107,1,4,2,1,1,0
107,1,1,5,1,1,1
107,1,5,4,1,1,0
107,1,1,5,1,1,1
107,1,4,6,1,1,0
107,1,1,5,1,1,1
107,1,2,1,1,1,0
107,1,1,5,1,1,1
107,1,5,1,1,1,0
107,1,1,5,1,1,1
107,1,3,4,1,1,0
107,1,1,5,1,1,1
107,1,4,1,1,1,0
107,1,1,5,1,1,1
107,1,6,6,1,1,0
107,1,1,5,1,1,1
107,1,6,4,1,1,0
107,1,1,5,1,1,1
107,1,2,6,1,1,0
107,1,1,5,1,1,1
107,1,2,6,1,1,0
107,1,1,5,1,1,1
107,1,6,6,1,1,0
107,1,1,5,1,1,1
107,1,6,4,1,1,0
107,1,1,5,1,1,1
107,1,2,6,1,1,0
107,1,1,5,1,1,1
107,1,2,1,1,1,0
107,1,1,5,1,1,1
107,1,2,3,1,1,0
107,1,1,5,1,1,1
107,1,2,3,1,1,0
107,1,1,5,1,1,1
107,1,6,6,1,1,0
107,1,1,5,1,1,1
107,1,3,1,1,1,0
107,1,1,5,1,1,1
107,1,2,4,1,1,0
107,1,1,5,1,1,1
107,1,5,1,1,1,0
107,1,1,5,1,1,1
107,1,6,1,1,1,0
107,1,1,5,1,1,1
107,1,3,6,1,1,0
107,1,1,5,1,1,1
107,1,2,1,1,1,0
107,1,1,5,1,1,1
107,1,6,1,1,1,0
107,1,1,5,1,1,1
107,1,6,2,1,1,0
107,1,1,5,1,1,1
107,1,2,3,1,1,0
107,1,1,5,1,1,1
107,1,2,3,1,1,0
107,1,1,5,1,1,1
107,1,3,1,1,1,0
107,1,1,5,1,1,1
107,1,3,3,1,1,0
107,1,1,5,1,1,1
107,1,2,6,1,1,0
107,1,1,5,1,1,1
107,1,5,3,1,1,0
107,1,1,5,1,1,1
107,1,4,2,1,1,0
107,1,1,5,1,1,1
107,1,2,6,1,1,0
107,1,1,5,1,1,1
107,1,3,4,1,1,0
107,1,1,5,1,1,1
107,1,2,1,1,1,0
107,1,1,5,1,1,1
107,1,5,6,1,1,0
107,1,1,5,1,1,1
107,1,6,6,1,1,0
107,1,1,5,1,1,1
107,1,5,2,1,1,0
107,1,1,5,1,1,1
107,1,3,4,1,1,0
107,1,1,5,1,1,1
107,1,6,1,1,1,0
107,1,1,5,1,1,1
107,1,5,1,1,1,0
107,1,1,5,1,1,1
107,1,4,4,1,1,0
107,1,1,5,1,1,1
107,1,5,3,1,1,0
108,1,1,1,1,1,1
108,1,5,5,1,1,0
108,1,1,1,1,1,1
108,1,2,5,1,1,0
108,1,1,1,1,1,1
108,1,4,3,1,1,0
108,1,1,1,1,1,1
108,1,3,3,1,1,0
108,1,1,1,1,1,1
108,1,2,3,1,1,0
108,1,1,1,1,1,1
108,1,2,4,1,1,0
108,1,1,1,1,1,1
108,1,6,3,1,1,0
108,1,1,1,1,1,1
108,1,2,4,1,1,0
108,1,1,1,1,1,1
108,1,6,3,1,1,0
108,1,1,1,1,1,1
108,1,5,5,1,1,0
108,1,1,1,1,1,1
108,1,2,2,1,1,0
108,1,6,1,1,1,1
108,1,2,5,1,1,0
108,1,6,1,1,1,1
108,1,5,6,1,1,0
108,1,6,1,1,1,1
108,1,3,3,1,1,0
108,1,6,1,1,1,1
108,1,3,5,1,1,0
108,1,6,1,1,1,1
108,1,4,4,1,1,0
108,1,6,1,1,1,1
108,1,5,3,1,1,0
108,1,6,1,1,1,1
108,1,4,5,1,1,0
108,1,6,1,1,1,1
108,1,4,6,1,1,0
108,1,6,1,1,1,1
108,1,3,5,1,1,0
108,1,6,1,1,1,1
108,1,5,5,1,1,0
108,1,6,1,1,1,1
108,1,1,2,1,1,0
108,1,5,1,1,1,1
108,1,2,6,1,1,0
108,1,5,1,1,1,1
108,1,6,2,1,1,0
108,1,5,1,1,1,1
108,1,4,6,1,1,0
108,1,5,1,1,1,1
108,1,2,4,1,1,0
108,1,5,1,1,1,1
108,1,6,2,1,1,0
108,1,5,1,1,1,1
108,1,1,2,1,1,0
108,1,5,1,1,1,1
108,1,6,6,1,1,0
108,1,5,1,1,1,1
108,1,6,6,1,1,0
108,1,5,1,1,1,1
108,1,4,4,1,1,0
108,1,5,1,1,1,1
108,1,6,2,1,1,0
108,1,5,1,1,1,1
108,1,1,2,1,1,0
108,1,1,2,1,1,1
108,1,3,6,1,1,0
108,1,1,2,1,1,1
108,1,2,3,1,1,0
108,1,1,2,1,1,1
108,1,2,5,1,1,0
108,1,1,2,1,1,1
108,1,2,3,1,1,0
108,1,1,2,1,1,1
108,1,6,4,1,1,0
108,1,1,2,1,1,1
108,1,3,1,1,1,0
108,1,1,2,1,1,1
108,1,3,1,1,1,0
108,1,1,2,1,1,1
108,1,5,3,1,1,0
108,1,1,2,1,1,1
108,1,5,4,1,1,0
108,1,1,2,1,1,1
108,1,5,6,1,1,0
108,1,1,2,1,1,1
108,1,4,5,1,1,0
108,1,6,2,1,1,1
108,1,5,3,1,1,0
108,1,6,2,1,1,1
108,1,5,3,1,1,0
108,1,6,2,1,1,1
108,1,3,4,1,1,0
108,1,6,2,1,1,1
108,1,2,4,1,1,0
108,1,6,2,1,1,1
108,1,4,4,1,1,0
108,1,6,2,1,1,1
108,1,5,4,1,1,0
108,1,6,2,1,1,1
108,1,5,5,1,1,0
108,1,6,2,1,1,1
108,1,2,1,1,1,0
108,1,6,2,1,1,1
108,1,4,4,1,1,0
108,1,6,2,1,1,1
108,1,2,6,1,1,0
108,1,6,2,1,1,1
108,1,1,1,1,1,0
108,1,5,2,1,1,1
108,1,4,6,1,1,0
108,1,5,2,1,1,1
108,1,3,6,1,1,0
108,1,5,2,1,1,1
108,1,2,1,1,1,0
108,1,5,2,1,1,1
108,1,2,6,1,1,0
108,1,5,2,1,1,1
108,1,6,6,1,1,0
108,1,5,2,1,1,1
108,1,1,5,1,1,0
108,1,5,2,1,1,1
108,1,6,3,1,1,0
108,1,5,2,1,1,1
108,1,6,1,1,1,0
108,1,5,2,1,1,1
108,1,6,3,1,1,0
108,1,5,2,1,1,1
108,1,4,3,1,1,0
108,1,5,2,1,1,1
108,1,1,5,1,1,0
108,1,1,3,1,1,1
108,1,6,4,1,1,0
108,1,1,3,1,1,1
108,1,6,1,1,1,0
108,1,1,3,1,1,1
108,1,5,5,1,1,0
108,1,1,3,1,1,1
108,1,3,4,1,1,0
108,1,1,3,1,1,1
108,1,6,5,1,1,0
108,1,1,3,1,1,1
108,1,2,5,1,1,0
108,1,1,3,1,1,1
108,1,2,1,1,1,0
108,1,1,3,1,1,1
108,1,4,6,1,1,0
108,1,1,3,1,1,1
108,1,2,5,1,1,0
108,1,1,3,1,1,1
108,1,2,2,1,1,0
108,1,1,3,1,1,1
108,1,5,2,1,1,0
108,1,6,3,1,1,1
108,1,5,5,1,1,0
108,1,6,3,1,1,1
108,1,5,4,1,1,0
108,1,6,3,1,1,1
108,1,5,2,1,1,0
108,1,6,3,1,1,1
108,1,5,6,1,1,0
108,1,6,3,1,1,1
108,1,4,5,1,1,0
108,1,6,3,1,1,1
108,1,1,4,1,1,0
108,1,6,3,1,1,1
108,1,3,4,1,1,0
108,1,6,3,1,1,1
108,1,3,1,1,1,0
108,1,6,3,1,1,1
108,1,4,4,1,1,0
108,1,6,3,1,1,1
108,1,2,5,1,1,0
108,1,6,3,1,1,1
108,1,5,4,1,1,0
108,1,5,3,1,1,1
108,1,4,1,1,1,0
108,1,5,3,1,1,1
108,1,6,1,1,1,0
108,1,5,3,1,1,1
108,1,6,4,1,1,0
108,1,5,3,1,1,1
108,1,6,4,1,1,0
108,1,5,3,1,1,1
108,1,1,2,1,1,0
108,1,5,3,1,1,1
108,1,3,2,1,1,0
108,1,5,3,1,1,1
108,1,6,2,1,1,0
108,1,5,3,1,1,1
108,1,2,6,1,1,0
108,1,5,3,1,1,1
108,1,6,4,1,1,0
108,1,5,3,1,1,1
108,1,6,1,1,1,0
108,1,5,3,1,1,1
108,1,6,5,1,1,0
108,1,1,4,1,1,1
108,1,2,1,1,1,0
108,1,1,4,1,1,1
108,1,2,6,1,1,0
108,1,1,4,1,1,1
108,1,6,2,1,1,0
108,1,1,4,1,1,1
108,1,6,2,1,1,0
108,1,1,4,1,1,1
108,1,5,1,1,1,0
108,1,1,4,1,1,1
108,1,2,2,1,1,0
108,1,1,4,1,1,1
108,1,5,2,1,1,0
108,1,1,4,1,1,1
108,1,3,5,1,1,0
108,1,1,4,1,1,1
108,1,5,5,1,1,0
108,1,1,4,1,1,1
108,1,2,3,1,1,0
108,1,1,4,1,1,1
108,1,4,6,1,1,0
108,1,6,4,1,1,1
108,1,3,6,1,1,0
108,1,6,4,1,1,1
108,1,5,3,1,1,0
108,1,6,4,1,1,1
108,1,5,1,1,1,0
108,1,6,4,1,1,1
108,1,4,1,1,1,0
108,1,6,4,1,1,1
108,1,5,2,1,1,0
108,1,5,4,1,1,1
108,1,4,5,1,1,0
108,1,5,4,1,1,1
108,1,6,5,1,1,0
108,1,5,4,1,1,1
108,1,1,5,1,1,0
108,1,5,4,1,1,1
108,1,1,2,1,1,0
108,1,5,4,1,1,1
108,1,3,6,1,1,0
108,1,1,5,1,1,1
108,1,2,1,1,1,0
108,1,1,5,1,1,1
108,1,6,1,1,1,0
108,1,1,5,1,1,1
108,1,4,6,1,1,0
108,1,1,5,1,1,1
108,1,5,2,1,1,0
108,1,1,5,1,1,1
108,1,5,6,1,1,0
108,1,1,5,1,1,1
108,1,4,6,1,1,0
108,1,1,5,1,1,1
108,1,4,6,1,1,0
108,1,1,5,1,1,1
108,1,4,4,1,1,0
108,1,1,5,1,1,1
108,1,6,6,1,1,0
108,1,1,5,1,1,1
108,1,6,6,1,1,0
108,1,1,5,1,1,1
108,1,6,6,1,1,0
108,1,6,5,1,1,1
108,1,1,6,1,1,0
108,1,6,5,1,1,1
108,1,3,6,1,1,0
108,1,6,5,1,1,1
108,1,2,4,1,1,0
108,1,6,5,1,1,1
108,1,5,3,1,1,0
108,1,6,5,1,1,1
108,1,1,2,1,1,0
108,1,6,5,1,1,1
108,1,3,3,1,1,0
108,1,6,5,1,1,1
108,1,1,2,1,1,0
108,1,6,5,1,1,1
108,1,1,6,1,1,0
108,1,6,5,1,1,1
108,1,5,6,1,1,0
108,1,6,5,1,1,1
108,1,4,1,1,1,0
108,1,6,5,1,1,1
108,1,1,6,1,1,0
108,1,5,5,1,1,1
108,1,1,1,1,1,0
108,1,5,5,1,1,1
108,1,4,6,1,1,0
108,1,5,5,1,1,1
108,1,6,1,1,1,0
108,1,5,5,1,1,1
108,1,3,4,1,1,0
108,1,5,5,1,1,1
108,1,2,6,1,1,0
108,1,5,5,1,1,1
108,1,2,1,1,1,0
108,1,5,5,1,1,1
108,1,4,2,1,1,0
108,1,5,5,1,1,1
108,1,3,6,1,1,0
108,1,5,5,1,1,1
108,1,6,6,1,1,0
108,1,5,5,1,1,1
108,1,3,4,1,1,0
108,1,5,5,1,1,1
108,1,4,6,1,1,0
108,1,1,6,1,1,1
108,1,3,5,1,1,0
108,1,1,6,1,1,1
108,1,3,5,1,1,0
108,1,1,6,1,1,1
108,1,2,4,1,1,0
108,1,1,6,1,1,1
108,1,2,1,1,1,0
108,1,1,6,1,1,1
108,1,4,5,1,1,0
108,1,1,6,1,1,1
108,1,3,5,1,1,0
108,1,1,6,1,1,1
108,1,5,5,1,1,0
108,1,1,6,1,1,1
108,1,3,2,1,1,0
108,1,1,6,1,1,1
108,1,2,1,1,1,0
108,1,1,6,1,1,1
108,1,3,2,1,1,0
108,1,1,6,1,1,1
108,1,2,1,1,1,0
108,1,6,6,1,1,1
108,1,5,3,1,1,0
108,1,6,6,1,1,1
108,1,4,5,1,1,0
108,1,6,6,1,1,1
108,1,1,4,1,1,0
108,1,6,6,1,1,1
108,1,4,2,1,1,0
108,1,6,6,1,1,1
108,1,1,3,1,1,0
108,1,6,6,1,1,1
108,1,3,5,1,1,0
108,1,6,6,1,1,1
108,1,1,2,1,1,0
108,1,6,6,1,1,1
108,1,1,3,1,1,0
108,1,6,6,1,1,1
108,1,3,2,1,1,0
108,1,6,6,1,1,1
108,1,5,2,1,1,0
108,1,6,6,1,1,1
108,1,4,5,1,1,0
108,1,5,6,1,1,1
108,1,2,2,1,1,0
108,1,5,6,1,1,1
108,1,6,2,1,1,0
108,1,5,6,1,1,1
108,1,3,3,1,1,0
108,1,5,6,1,1,1
108,1,3,5,1,1,0
108,1,5,6,1,1,1
108,1,6,5,1,1,0
108,1,5,6,1,1,1
108,1,2,2,1,1,0
108,1,5,6,1,1,1
108,1,3,1,1,1,0
108,1,5,6,1,1,1
108,1,6,3,1,1,0
108,1,5,6,1,1,1
108,1,2,5,1,1,0
108,1,5,6,1,1,1
108,1,2,3,1,1,0
108,1,5,6,1,1,1
108,1,3,5,1,1,0
109,1,2,1,1,1,1
109,1,3,3,1,1,0
109,1,2,1,1,1,1
109,1,3,2,1,1,0
109,1,2,1,1,1,1
109,1,1,5,1,1,0
109,1,2,1,1,1,1
109,1,3,2,1,1,0
109,1,2,1,1,1,1
109,1,4,3,1,1,0
109,1,2,1,1,1,1
109,1,3,2,1,1,0
109,1,2,1,1,1,1
109,1,3,2,1,1,0
109,1,2,1,1,1,1
109,1,4,3,1,1,0
109,1,2,1,1,1,1
109,1,3,2,1,1,0
109,1,2,1,1,1,1
109,1,4,2,1,1,0
109,1,2,1,1,1,1
109,1,4,3,1,1,0
109,1,2,1,1,1,1
109,1,3,2,1,1,0
109,1,2,1,1,1,1
109,1,6,2,1,1,0
109,1,2,1,1,1,1
109,1,3,5,1,1,0
109,1,2,1,1,1,1
109,1,3,4,1,1,0
109,1,2,1,1,1,1
109,1,5,3,1,1,0
109,1,2,1,1,1,1
109,1,3,2,1,1,0
109,1,2,1,1,1,1
109,1,6,2,1,1,0
109,1,2,1,1,1,1
109,1,6,3,1,1,0
109,1,2,1,1,1,1
109,1,4,5,1,1,0
109,1,2,1,1,1,1
109,1,4,6,1,1,0
109,1,2,1,1,1,1
109,1,6,2,1,1,0
109,1,2,1,1,1,1
109,1,6,4,1,1,0
109,1,2,1,1,1,1
109,1,5,6,1,1,0
109,1,2,1,1,1,1
109,1,4,4,1,1,0
109,1,2,1,1,1,1
109,1,4,4,1,1,0
109,1,2,1,1,1,1
109,1,4,4,1,1,0
109,1,2,1,1,1,1
109,1,6,2,1,1,0
109,1,2,1,1,1,1
109,1,6,6,1,1,0
109,1,2,1,1,1,1
109,1,3,5,1,1,0
109,1,2,1,1,1,1
109,1,5,2,1,1,0
109,1,2,1,1,1,1
109,1,6,6,1,1,0
109,1,2,1,1,1,1
109,1,6,4,1,1,0
109,1,2,1,1,1,1
109,1,5,3,1,1,0
109,1,2,1,1,1,1
109,1,4,2,1,1,0
109,1,2,1,1,1,1
109,1,1,2,1,1,0
109,1,2,1,1,1,1
109,1,4,4,1,1,0
109,1,2,1,1,1,1
109,1,6,5,1,1,0
109,1,2,1,1,1,1
109,1,6,2,1,1,0
109,1,2,1,1,1,1
109,1,5,2,1,1,0
109,1,2,1,1,1,1
109,1,4,2,1,1,0
109,1,2,1,1,1,1
109,1,3,5,1,1,0
109,1,2,1,1,1,1
109,1,1,2,1,1,0
109,1,2,1,1,1,1
109,1,1,4,1,1,0
109,1,2,1,1,1,1
109,1,3,2,1,1,0
109,1,2,1,1,1,1
109,1,3,2,1,1,0
109,1,2,1,1,1,1
109,1,3,5,1,1,0
109,1,2,1,1,1,1
109,1,1,2,1,1,0
109,1,2,1,1,1,1
109,1,3,5,1,1,0
109,1,2,1,1,1,1
109,1,3,4,1,1,0
109,1,2,1,1,1,1
109,1,5,2,1,1,0
109,1,2,1,1,1,1
109,1,6,2,1,1,0
109,1,2,1,1,1,1
109,1,5,2,1,1,0
109,1,2,1,1,1,1
109,1,4,2,1,1,0
109,1,2,1,1,1,1
109,1,1,2,1,1,0
109,1,2,1,1,1,1
109,1,3,4,1,1,0
109,1,2,1,1,1,1
109,1,3,4,1,1,0
109,1,2,1,1,1,1
109,1,6,3,1,1,0
109,1,2,1,1,1,1
109,1,6,5,1,1,0
109,1,2,1,1,1,1
109,1,3,3,1,1,0
109,1,2,1,1,1,1
109,1,1,3,1,1,0
109,1,2,1,1,1,1
109,1,4,2,1,1,0
109,1,2,1,1,1,1
109,1,4,2,1,1,0
109,1,2,1,1,1,1
109,1,6,2,1,1,0
109,1,2,1,1,1,1
109,1,6,3,1,1,0
109,1,2,1,1,1,1
109,1,1,2,1,1,0
109,1,2,1,1,1,1
109,1,5,2,1,1,0
109,1,2,1,1,1,1
109,1,3,2,1,1,0
109,1,2,1,1,1,1
109,1,5,2,1,1,0
109,1,2,1,1,1,1
109,1,1,3,1,1,0
109,1,2,1,1,1,1
109,1,5,3,1,1,0
109,1,2,1,1,1,1
109,1,5,2,1,1,0
109,1,2,1,1,1,1
109,1,6,5,1,1,0
109,1,2,1,1,1,1
109,1,1,2,1,1,0
109,1,2,1,1,1,1
109,1,1,3,1,1,0
109,1,2,1,1,1,1
109,1,6,6,1,1,0
109,1,2,1,1,1,1
109,1,5,5,1,1,0
109,1,2,1,1,1,1
109,1,5,2,1,1,0
109,1,2,1,1,1,1
109,1,3,3,1,1,0
109,1,2,1,1,1,1
109,1,3,4,1,1,0
109,1,2,1,1,1,1
109,1,1,2,1,1,0
109,1,2,1,1,1,1
109,1,1,4,1,1,0
109,1,2,1,1,1,1
109,1,1,2,1,1,0
109,1,2,1,1,1,1
109,1,3,3,1,1,0
109,1,2,1,1,1,1
109,1,1,2,1,1,0
109,1,2,1,1,1,1
109,1,3,3,1,1,0
109,1,2,1,1,1,1
109,1,3,5,1,1,0
109,1,2,1,1,1,1
109,1,1,5,1,1,0
109,1,2,1,1,1,1
109,1,3,2,1,1,0
109,1,2,1,1,1,1
109,1,3,6,1,1,0
109,1,2,1,1,1,1
109,1,1,4,1,1,0
109,1,2,1,1,1,1
109,1,3,3,1,1,0
109,1,2,1,1,1,1
109,1,1,5,1,1,0
109,1,2,1,1,1,1
109,1,1,6,1,1,0
109,1,2,1,1,1,1
109,1,6,2,1,1,0
109,1,2,1,1,1,1
109,1,3,6,1,1,0
109,1,2,1,1,1,1
109,1,1,3,1,1,0
109,1,2,1,1,1,1
109,1,1,3,1,1,0
109,1,2,1,1,1,1
109,1,1,2,1,1,0
109,1,2,1,1,1,1
109,1,6,3,1,1,0
110,1,2,3,1,1,1
110,1,4,5,1,1,0
110,1,2,3,1,1,1
110,1,4,4,1,1,0
110,1,2,3,1,1,1
110,1,1,2,1,1,0
110,1,2,3,1,1,1
110,1,5,6,1,1,0
110,1,2,3,1,1,1
110,1,3,4,1,1,0
110,1,2,3,1,1,1
110,1,6,5,1,1,0
110,1,2,3,1,1,1
110,1,1,4,1,1,0
110,1,2,3,1,1,1
110,1,5,6,1,1,0
110,1,2,3,1,1,1
110,1,3,4,1,1,0
110,1,2,3,1,1,1
110,1,1,4,1,1,0
110,1,2,3,1,1,1
110,1,3,5,1,1,0
110,1,2,3,1,1,1
110,1,4,4,1,1,0
110,1,2,3,1,1,1
110,1,5,6,1,1,0
110,1,2,3,1,1,1
110,1,1,5,1,1,0
110,1,2,3,1,1,1
110,1,1,1,1,1,0
110,1,2,3,1,1,1
110,1,6,4,1,1,0
110,1,2,3,1,1,1
110,1,1,2,1,1,0
110,1,2,3,1,1,1
110,1,3,2,1,1,0
110,1,2,3,1,1,1
110,1,3,6,1,1,0
110,1,2,3,1,1,1
110,1,1,5,1,1,0
110,1,2,3,1,1,1
110,1,3,1,1,1,0
110,1,2,3,1,1,1
110,1,6,4,1,1,0
110,1,2,3,1,1,1
110,1,6,2,1,1,0
110,1,2,3,1,1,1
110,1,3,4,1,1,0
110,1,2,3,1,1,1
110,1,1,5,1,1,0
110,1,2,3,1,1,1
110,1,4,4,1,1,0
110,1,2,3,1,1,1
110,1,6,1,1,1,0
110,1,2,3,1,1,1
110,1,6,5,1,1,0
110,1,2,3,1,1,1
110,1,1,6,1,1,0
110,1,2,3,1,1,1
110,1,4,1,1,1,0
110,1,2,3,1,1,1
110,1,3,4,1,1,0
110,1,2,3,1,1,1
110,1,1,5,1,1,0
110,1,2,3,1,1,1
110,1,6,6,1,1,0
110,1,2,3,1,1,1
110,1,3,5,1,1,0
110,1,2,3,1,1,1
110,1,1,4,1,1,0
110,1,2,3,1,1,1
110,1,5,4,1,1,0
110,1,2,3,1,1,1
110,1,4,1,1,1,0
110,1,2,3,1,1,1
110,1,6,6,1,1,0
110,1,2,3,1,1,1
110,1,6,5,1,1,0
110,1,2,3,1,1,1
110,1,4,4,1,1,0
110,1,2,3,1,1,1
110,1,4,4,1,1,0
110,1,2,3,1,1,1
110,1,3,4,1,1,0
110,1,2,3,1,1,1
110,1,6,4,1,1,0
110,1,2,3,1,1,1
110,1,3,6,1,1,0
110,1,2,3,1,1,1
110,1,4,4,1,1,0
110,1,2,3,1,1,1
110,1,3,4,1,1,0
110,1,2,3,1,1,1
110,1,5,1,1,1,0
110,1,2,3,1,1,1
110,1,3,4,1,1,0
110,1,2,3,1,1,1
110,1,6,4,1,1,0
110,1,2,3,1,1,1
110,1,4,1,1,1,0
110,1,2,3,1,1,1
110,1,6,1,1,1,0
110,1,2,3,1,1,1
110,1,5,4,1,1,0
110,1,2,3,1,1,1
110,1,1,5,1,1,0
110,1,2,3,1,1,1
110,1,4,5,1,1,0
110,1,2,3,1,1,1
110,1,3,5,1,1,0
110,1,2,3,1,1,1
110,1,3,6,1,1,0
110,1,2,3,1,1,1
110,1,1,4,1,1,0
110,1,2,3,1,1,1
110,1,6,1,1,1,0
110,1,2,3,1,1,1
110,1,3,2,1,1,0
110,1,2,3,1,1,1
110,1,1,4,1,1,0
110,1,2,3,1,1,1
110,1,3,2,1,1,0
110,1,2,3,1,1,1
110,1,6,4,1,1,0
110,1,2,3,1,1,1
110,1,4,4,1,1,0
110,1,2,3,1,1,1
110,1,3,4,1,1,0
110,1,2,3,1,1,1
110,1,5,6,1,1,0
110,1,2,3,1,1,1
110,1,3,4,1,1,0
110,1,2,3,1,1,1
110,1,3,1,1,1,0
110,1,2,3,1,1,1
110,1,3,1,1,1,0
110,1,2,3,1,1,1
110,1,5,4,1,1,0
110,1,2,3,1,1,1
110,1,6,4,1,1,0
110,1,2,3,1,1,1
110,1,4,1,1,1,0
110,1,2,3,1,1,1
110,1,4,4,1,1,0
110,1,2,3,1,1,1
110,1,1,4,1,1,0
110,1,2,3,1,1,1
110,1,3,5,1,1,0
110,1,2,3,1,1,1
110,1,3,6,1,1,0
110,1,2,3,1,1,1
110,1,3,6,1,1,0
110,1,2,3,1,1,1
110,1,4,5,1,1,0
110,1,2,3,1,1,1
110,1,4,1,1,1,0
110,1,2,3,1,1,1
110,1,4,4,1,1,0
110,1,2,3,1,1,1
110,1,3,4,1,1,0
110,1,2,3,1,1,1
110,1,3,6,1,1,0
110,1,2,3,1,1,1
110,1,6,1,1,1,0
110,1,2,3,1,1,1
110,1,3,4,1,1,0
110,1,2,3,1,1,1
110,1,1,4,1,1,0
110,1,2,3,1,1,1
110,1,4,1,1,1,0
110,1,2,3,1,1,1
110,1,3,5,1,1,0
110,1,2,3,1,1,1
110,1,3,5,1,1,0
110,1,2,3,1,1,1
110,1,5,4,1,1,0
110,1,2,3,1,1,1
110,1,4,1,1,1,0
110,1,2,3,1,1,1
110,1,1,6,1,1,0
110,1,2,3,1,1,1
110,1,6,4,1,1,0
110,1,2,3,1,1,1
110,1,3,4,1,1,0
110,1,2,3,1,1,1
110,1,3,4,1,1,0
110,1,2,3,1,1,1
110,1,1,4,1,1,0
110,1,2,3,1,1,1
110,1,4,1,1,1,0
110,1,2,3,1,1,1
110,1,3,4,1,1,0
110,1,2,3,1,1,1
110,1,3,6,1,1,0
110,1,2,3,1,1,1
110,1,6,1,1,1,0
110,1,2,3,1,1,1
110,1,3,2,1,1,0
110,1,2,3,1,1,1
110,1,6,4,1,1,0
111,1,1,6,1,1,1
111,1,2,4,1,1,0
111,1,1,6,1,1,1
111,1,6,4,1,1,0
111,1,1,6,1,1,1
111,1,4,3,1,1,0
111,1,1,6,1,1,1
111,1,2,1,1,1,0
111,1,1,6,1,1,1
111,1,5,4,1,1,0
111,1,1,6,1,1,1
111,1,5,5,1,1,0
111,1,1,6,1,1,1
111,1,2,5,1,1,0
111,1,1,6,1,1,1
111,1,4,5,1,1,0
111,1,1,6,1,1,1
111,1,3,1,1,1,0
111,1,1,6,1,1,1
111,1,3,2,1,1,0
111,1,1,6,1,1,1
111,1,2,3,1,1,0
111,1,1,6,1,1,1
111,1,3,4,1,1,0
111,1,1,6,1,1,1
111,1,4,4,1,1,0
111,1,1,6,1,1,1
111,1,3,4,1,1,0
111,1,1,6,1,1,1
111,1,3,4,1,1,0
111,1,1,6,1,1,1
111,1,5,3,1,1,0
111,1,1,6,1,1,1
111,1,6,5,1,1,0
111,1,1,6,1,1,1
111,1,6,3,1,1,0
111,1,1,6,1,1,1
111,1,6,4,1,1,0
111,1,1,6,1,1,1
111,1,2,2,1,1,0
111,1,1,6,1,1,1
111,1,5,3,1,1,0
111,1,1,6,1,1,1
111,1,4,4,1,1,0
111,1,1,6,1,1,1
111,1,4,1,1,1,0
111,1,1,6,1,1,1
111,1,2,5,1,1,0
111,1,1,6,1,1,1
111,1,3,1,1,1,0
111,1,1,6,1,1,1
111,1,5,4,1,1,0
111,1,1,6,1,1,1
111,1,4,5,1,1,0
111,1,1,6,1,1,1
111,1,5,5,1,1,0
111,1,1,6,1,1,1
111,1,4,2,1,1,0
111,1,1,6,1,1,1
111,1,6,5,1,1,0
111,1,1,6,1,1,1
111,1,4,3,1,1,0
111,1,1,6,1,1,1
111,1,2,1,1,1,0
111,1,1,6,1,1,1
111,1,3,1,1,1,0
111,1,1,6,1,1,1
111,1,2,4,1,1,0
111,1,1,6,1,1,1
111,1,6,5,1,1,0
111,1,1,6,1,1,1
111,1,2,4,1,1,0
111,1,1,6,1,1,1
111,1,2,3,1,1,0
111,1,1,6,1,1,1
111,1,4,1,1,1,0
111,1,1,6,1,1,1
111,1,5,2,1,1,0
111,1,1,6,1,1,1
111,1,3,5,1,1,0
111,1,1,6,1,1,1
111,1,2,4,1,1,0
111,1,1,6,1,1,1
111,1,2,4,1,1,0
111,1,1,6,1,1,1
111,1,2,4,1,1,0
111,1,1,6,1,1,1
111,1,2,5,1,1,0
111,1,1,6,1,1,1
111,1,2,3,1,1,0
111,1,1,6,1,1,1
111,1,4,2,1,1,0
111,1,1,6,1,1,1
111,1,6,2,1,1,0
111,1,1,6,1,1,1
111,1,4,3,1,1,0
111,1,1,6,1,1,1
111,1,2,3,1,1,0
111,1,1,6,1,1,1
111,1,4,1,1,1,0
111,1,1,6,1,1,1
111,1,6,2,1,1,0
111,1,1,6,1,1,1
111,1,5,1,1,1,0
111,1,1,6,1,1,1
111,1,6,3,1,1,0
111,1,1,6,1,1,1
111,1,2,4,1,1,0
111,1,1,6,1,1,1
111,1,5,5,1,1,0
111,1,1,6,1,1,1
111,1,3,1,1,1,0
111,1,1,6,1,1,1
111,1,2,5,1,1,0
111,1,1,6,1,1,1
111,1,6,4,1,1,0
111,1,1,6,1,1,1
111,1,6,5,1,1,0
111,1,1,6,1,1,1
111,1,5,4,1,1,0
111,1,1,6,1,1,1
111,1,6,1,1,1,0
111,1,1,6,1,1,1
111,1,3,3,1,1,0
111,1,1,6,1,1,1
111,1,3,1,1,1,0
111,1,1,6,1,1,1
111,1,5,1,1,1,0
111,1,1,6,1,1,1
111,1,5,4,1,1,0
111,1,1,6,1,1,1
111,1,2,5,1,1,0
111,1,1,6,1,1,1
111,1,2,4,1,1,0
111,1,1,6,1,1,1
111,1,3,3,1,1,0
111,1,1,6,1,1,1
111,1,4,1,1,1,0
111,1,1,6,1,1,1
111,1,4,5,1,1,0
111,1,1,6,1,1,1
111,1,5,4,1,1,0
111,1,1,6,1,1,1
111,1,2,2,1,1,0
111,1,1,6,1,1,1
111,1,2,1,1,1,0
111,1,1,6,1,1,1
111,1,5,2,1,1,0
111,1,1,6,1,1,1
111,1,2,4,1,1,0
111,1,1,6,1,1,1
111,1,3,1,1,1,0
111,1,1,6,1,1,1
111,1,2,5,1,1,0
111,1,1,6,1,1,1
111,1,6,2,1,1,0
111,1,1,6,1,1,1
111,1,6,4,1,1,0
111,1,1,6,1,1,1
111,1,2,3,1,1,0
111,1,1,6,1,1,1
111,1,4,3,1,1,0
111,1,1,6,1,1,1
111,1,2,1,1,1,0
111,1,1,6,1,1,1
111,1,5,3,1,1,0
111,1,1,6,1,1,1
111,1,5,3,1,1,0
111,1,1,6,1,1,1
111,1,3,2,1,1,0
111,1,1,6,1,1,1
111,1,2,2,1,1,0
111,1,1,6,1,1,1
111,1,6,2,1,1,0
111,1,1,6,1,1,1
111,1,6,4,1,1,0
111,1,1,6,1,1,1
111,1,5,5,1,1,0
111,1,1,6,1,1,1
111,1,2,3,1,1,0
111,1,1,6,1,1,1
111,1,5,5,1,1,0
111,1,1,6,1,1,1
111,1,5,4,1,1,0
111,1,1,6,1,1,1
111,1,6,5,1,1,0
111,1,1,6,1,1,1
111,1,4,5,1,1,0
111,1,1,6,1,1,1
111,1,6,1,1,1,0
111,1,1,6,1,1,1
111,1,4,5,1,1,0
111,1,1,6,1,1,1
111,1,4,2,1,1,0
111,1,1,6,1,1,1
111,1,4,5,1,1,0
111,1,1,6,1,1,1
111,1,2,1,1,1,0
111,1,1,6,1,1,1
111,1,3,2,1,1,0
112,1,2,3,1,1,1
112,1,3,4,1,1,0
112,1,2,3,1,1,1
112,1,3,5,1,1,0
112,1,2,3,1,1,1
112,1,6,4,1,1,0
112,1,2,3,1,1,1
112,1,3,5,1,1,0
112,1,2,3,1,1,1
112,1,6,4,1,1,0
112,1,2,3,1,1,1
112,1,1,4,1,1,0
112,1,2,3,1,1,1
112,1,3,4,1,1,0
112,1,2,3,1,1,1
112,1,3,5,1,1,0
112,1,2,3,1,1,1
112,1,6,4,1,1,0
112,1,2,3,1,1,1
112,1,3,5,1,1,0
112,1,2,3,1,1,1
112,1,5,4,1,1,0
112,1,2,3,1,1,1
112,1,1,4,1,1,0
112,1,2,3,1,1,1
112,1,6,2,1,1,0
112,1,2,3,1,1,1
112,1,3,6,1,1,0
112,1,2,3,1,1,1
112,1,4,5,1,1,0
112,1,2,3,1,1,1
112,1,4,4,1,1,0
112,1,2,3,1,1,1
112,1,3,2,1,1,0
112,1,2,3,1,1,1
112,1,4,1,1,1,0
112,1,2,3,1,1,1
112,1,5,2,1,1,0
112,1,2,3,1,1,1
112,1,6,4,1,1,0
112,1,2,3,1,1,1
112,1,3,4,1,1,0
112,1,2,3,1,1,1
112,1,4,4,1,1,0
112,1,2,3,1,1,1
112,1,6,4,1,1,0
112,1,2,3,1,1,1
112,1,3,4,1,1,0
112,1,2,3,1,1,1
112,1,5,4,1,1,0
112,1,2,3,1,1,1
112,1,6,5,1,1,0
112,1,2,3,1,1,1
112,1,3,6,1,1,0
112,1,2,3,1,1,1
112,1,3,2,1,1,0
112,1,2,3,1,1,1
112,1,1,4,1,1,0
112,1,2,3,1,1,1
112,1,4,6,1,1,0
112,1,2,3,1,1,1
112,1,1,4,1,1,0
112,1,2,3,1,1,1
112,1,5,1,1,1,0
112,1,2,3,1,1,1
112,1,4,4,1,1,0
112,1,1,3,1,1,1
112,1,2,6,1,1,0
112,1,1,3,1,1,1
112,1,6,5,1,1,0
112,1,1,3,1,1,1
112,1,5,6,1,1,0
112,1,1,3,1,1,1
112,1,5,4,1,1,0
112,1,1,3,1,1,1
112,1,4,1,1,1,0
112,1,1,3,1,1,1
112,1,2,2,1,1,0
112,1,1,3,1,1,1
112,1,2,4,1,1,0
112,1,1,3,1,1,1
112,1,3,5,1,1,0
112,1,1,3,1,1,1
112,1,2,2,1,1,0
112,1,1,3,1,1,1
112,1,5,2,1,1,0
112,1,1,3,1,1,1
112,1,6,4,1,1,0
112,1,1,3,1,1,1
112,1,5,4,1,1,0
112,1,1,3,1,1,1
112,1,3,5,1,1,0
112,1,1,3,1,1,1
112,1,6,2,1,1,0
112,1,1,3,1,1,1
112,1,2,4,1,1,0
112,1,1,3,1,1,1
112,1,3,1,1,1,0
112,1,1,3,1,1,1
112,1,4,2,1,1,0
112,1,1,3,1,1,1
112,1,6,5,1,1,0
112,1,1,3,1,1,1
112,1,4,2,1,1,0
112,1,1,3,1,1,1
112,1,6,5,1,1,0
112,1,1,3,1,1,1
112,1,2,1,1,1,0
112,1,1,3,1,1,1
112,1,3,6,1,1,0
112,1,1,3,1,1,1
112,1,5,2,1,1,0
112,1,1,3,1,1,1
112,1,2,2,1,1,0
112,1,1,3,1,1,1
112,1,6,4,1,1,0
112,1,1,3,1,1,1
112,1,2,2,1,1,0
112,1,1,3,1,1,1
112,1,5,1,1,1,0
112,1,1,3,1,1,1
112,1,4,5,1,1,0
112,1,1,3,1,1,1
112,1,3,5,1,1,0
112,1,1,3,1,1,1
112,1,6,4,1,1,0
112,1,1,3,1,1,1
112,1,4,4,1,1,0
112,1,1,3,1,1,1
112,1,5,4,1,1,0
112,1,1,3,1,1,1
112,1,3,2,1,1,0
112,1,4,3,1,1,1
112,1,5,2,1,1,0
112,1,4,3,1,1,1
112,1,5,2,1,1,0
112,1,4,3,1,1,1
112,1,1,2,1,1,0
112,1,4,3,1,1,1
112,1,5,5,1,1,0
112,1,4,3,1,1,1
112,1,3,4,1,1,0
112,1,4,3,1,1,1
112,1,2,5,1,1,0
112,1,4,3,1,1,1
112,1,1,6,1,1,0
112,1,4,3,1,1,1
112,1,5,2,1,1,0
112,1,4,3,1,1,1
112,1,6,5,1,1,0
112,1,4,3,1,1,1
112,1,3,2,1,1,0
112,1,4,3,1,1,1
112,1,5,1,1,1,0
112,1,4,3,1,1,1
112,1,5,2,1,1,0
112,1,4,3,1,1,1
112,1,5,1,1,1,0
112,1,4,3,1,1,1
112,1,5,5,1,1,0
112,1,4,3,1,1,1
112,1,5,1,1,1,0
112,1,4,3,1,1,1
112,1,3,6,1,1,0
112,1,4,3,1,1,1
112,1,5,4,1,1,0
112,1,4,3,1,1,1
112,1,2,2,1,1,0
112,1,4,3,1,1,1
112,1,5,1,1,1,0
112,1,4,3,1,1,1
112,1,6,5,1,1,0
112,1,4,3,1,1,1
112,1,3,1,1,1,0
112,1,4,3,1,1,1
112,1,1,2,1,1,0
112,1,4,3,1,1,1
112,1,6,4,1,1,0
112,1,4,3,1,1,1
112,1,5,5,1,1,0
112,1,4,3,1,1,1
112,1,5,5,1,1,0
112,1,4,3,1,1,1
112,1,5,1,1,1,0
112,1,4,3,1,1,1
112,1,6,4,1,1,0
112,1,4,3,1,1,1
112,1,5,4,1,1,0
112,1,4,3,1,1,1
112,1,2,2,1,1,0
112,1,4,3,1,1,1
112,1,5,6,1,1,0
112,1,4,3,1,1,1
112,1,5,4,1,1,0
112,1,4,3,1,1,1
112,1,5,1,1,1,0
112,1,4,3,1,1,1
112,1,5,4,1,1,0
113,1,1,4,1,1,1
113,1,2,5,1,1,0
113,1,1,4,1,1,1
113,1,4,1,1,1,0
113,1,1,4,1,1,1
113,1,2,6,1,1,0
113,1,1,4,1,1,1
113,1,2,2,1,1,0
113,1,1,4,1,1,1
113,1,4,5,1,1,0
113,1,1,4,1,1,1
113,1,6,5,1,1,0
113,1,1,4,1,1,1
113,1,4,6,1,1,0
113,1,1,4,1,1,1
113,1,2,6,1,1,0
113,1,1,4,1,1,1
113,1,2,3,1,1,0
113,1,1,4,1,1,1
113,1,4,5,1,1,0
113,1,1,4,1,1,1
113,1,3,2,1,1,0
113,1,1,4,1,1,1
113,1,6,6,1,1,0
113,1,1,4,1,1,1
113,1,2,1,1,1,0
113,1,1,4,1,1,1
113,1,5,3,1,1,0
113,1,1,4,1,1,1
113,1,2,2,1,1,0
113,1,1,4,1,1,1
113,1,2,3,1,1,0
113,1,1,4,1,1,1
113,1,4,3,1,1,0
113,1,1,4,1,1,1
113,1,6,5,1,1,0
113,1,1,4,1,1,1
113,1,2,5,1,1,0
113,1,1,4,1,1,1
113,1,3,2,1,1,0
113,1,1,4,1,1,1
113,1,5,2,1,1,0
113,1,1,4,1,1,1
113,1,2,1,1,1,0
113,1,1,4,1,1,1
113,1,5,5,1,1,0
113,1,1,4,1,1,1
113,1,3,1,1,1,0
113,1,1,4,1,1,1
113,1,5,2,1,1,0
113,1,1,4,1,1,1
113,1,4,5,1,1,0
113,1,1,4,1,1,1
113,1,4,5,1,1,0
113,1,1,4,1,1,1
113,1,3,6,1,1,0
113,1,1,4,1,1,1
113,1,5,3,1,1,0
113,1,1,4,1,1,1
113,1,3,5,1,1,0
113,1,1,4,1,1,1
113,1,2,2,1,1,0
113,1,1,4,1,1,1
113,1,3,5,1,1,0
113,1,1,4,1,1,1
113,1,2,3,1,1,0
113,1,5,4,1,1,1
113,1,6,6,1,1,0
113,1,5,4,1,1,1
113,1,6,2,1,1,0
113,1,5,4,1,1,1
113,1,6,5,1,1,0
113,1,5,4,1,1,1
113,1,6,3,1,1,0
113,1,5,4,1,1,1
113,1,4,1,1,1,0
113,1,5,4,1,1,1
113,1,4,6,1,1,0
113,1,5,4,1,1,1
113,1,1,5,1,1,0
113,1,5,4,1,1,1
113,1,1,5,1,1,0
113,1,5,4,1,1,1
113,1,1,5,1,1,0
113,1,5,4,1,1,1
113,1,6,3,1,1,0
113,1,5,4,1,1,1
113,1,6,2,1,1,0
113,1,5,4,1,1,1
113,1,3,6,1,1,0
113,1,5,4,1,1,1
113,1,6,5,1,1,0
113,1,5,4,1,1,1
113,1,6,6,1,1,0
113,1,5,4,1,1,1
113,1,6,1,1,1,0
113,1,5,4,1,1,1
113,1,6,2,1,1,0
113,1,5,4,1,1,1
113,1,1,5,1,1,0
113,1,5,4,1,1,1
113,1,3,5,1,1,0
113,1,5,4,1,1,1
113,1,6,1,1,1,0
113,1,5,4,1,1,1
113,1,6,5,1,1,0
113,1,5,4,1,1,1
113,1,2,2,1,1,0
113,1,5,4,1,1,1
113,1,4,3,1,1,0
113,1,5,4,1,1,1
113,1,6,5,1,1,0
113,1,5,4,1,1,1
113,1,6,6,1,1,0
113,1,5,4,1,1,1
113,1,1,6,1,1,0
113,1,5,4,1,1,1
113,1,1,1,1,1,0
113,1,5,4,1,1,1
113,1,1,1,1,1,0
113,1,5,4,1,1,1
113,1,4,1,1,1,0
113,1,5,4,1,1,1
113,1,6,6,1,1,0
113,1,5,4,1,1,1
113,1,4,1,1,1,0
113,1,5,4,1,1,1
113,1,2,6,1,1,0
113,1,5,4,1,1,1
113,1,4,5,1,1,0
113,1,5,4,1,1,1
113,1,6,1,1,1,0
113,1,4,4,1,1,1
113,1,6,3,1,1,0
113,1,4,4,1,1,1
113,1,3,1,1,1,0
113,1,4,4,1,1,1
113,1,3,5,1,1,0
113,1,4,4,1,1,1
113,1,6,6,1,1,0
113,1,4,4,1,1,1
113,1,5,2,1,1,0
113,1,4,4,1,1,1
113,1,1,2,1,1,0
113,1,4,4,1,1,1
113,1,1,6,1,1,0
113,1,4,4,1,1,1
113,1,5,2,1,1,0
113,1,4,4,1,1,1
113,1,5,3,1,1,0
113,1,4,4,1,1,1
113,1,6,3,1,1,0
113,1,4,4,1,1,1
113,1,2,3,1,1,0
113,1,4,4,1,1,1
113,1,5,3,1,1,0
113,1,4,4,1,1,1
113,1,1,1,1,1,0
113,1,4,4,1,1,1
113,1,1,2,1,1,0
113,1,4,4,1,1,1
113,1,2,5,1,1,0
113,1,4,4,1,1,1
113,1,5,1,1,1,0
113,1,4,4,1,1,1
113,1,3,5,1,1,0
113,1,4,4,1,1,1
113,1,2,2,1,1,0
113,1,4,4,1,1,1
113,1,5,5,1,1,0
113,1,4,4,1,1,1
113,1,1,5,1,1,0
113,1,4,4,1,1,1
113,1,6,6,1,1,0
113,1,4,4,1,1,1
113,1,3,5,1,1,0
113,1,4,4,1,1,1
113,1,2,1,1,1,0
113,1,4,4,1,1,1
113,1,5,5,1,1,0
113,1,4,4,1,1,1
113,1,3,2,1,1,0
113,1,4,4,1,1,1
113,1,1,3,1,1,0
113,1,4,4,1,1,1
113,1,5,3,1,1,0
113,1,4,4,1,1,1
113,1,6,5,1,1,0
113,1,4,4,1,1,1
113,1,5,2,1,1,0
113,1,4,4,1,1,1
113,1,5,2,1,1,0
113,1,4,4,1,1,1
113,1,3,3,1,1,0
113,1,4,4,1,1,1
113,1,5,2,1,1,0
113,1,4,4,1,1,1
113,1,1,5,1,1,0
114,1,1,1,1,1,1
114,1,2,3,1,1,0
114,1,1,1,1,1,1
114,1,2,5,1,1,0
114,1,1,1,1,1,1
114,1,3,4,1,1,0
114,1,1,1,1,1,1
114,1,5,6,1,1,0
114,1,1,1,1,1,1
114,1,2,2,1,1,0
114,1,1,1,1,1,1
114,1,2,2,1,1,0
114,1,1,1,1,1,1
114,1,3,2,1,1,0
114,1,1,1,1,1,1
114,1,2,5,1,1,0
114,1,1,1,1,1,1
114,1,2,2,1,1,0
114,1,1,1,1,1,1
114,1,6,2,1,1,0
114,1,1,1,1,1,1
114,1,5,5,1,1,0
114,1,1,1,1,1,1
114,1,2,2,1,1,0
114,1,1,1,1,1,1
114,1,4,3,1,1,0
114,1,1,1,1,1,1
114,1,3,5,1,1,0
114,1,1,1,1,1,1
114,1,2,2,1,1,0
114,1,1,1,1,1,1
114,1,6,4,1,1,0
114,1,1,1,1,1,1
114,1,2,2,1,1,0
114,1,1,1,1,1,1
114,1,2,6,1,1,0
114,1,1,1,1,1,1
114,1,6,6,1,1,0
114,1,1,1,1,1,1
114,1,3,3,1,1,0
114,1,1,1,1,1,1
114,1,2,2,1,1,0
114,1,1,1,1,1,1
114,1,4,3,1,1,0
114,1,1,1,1,1,1
114,1,6,4,1,1,0
114,1,1,1,1,1,1
114,1,2,3,1,1,0
114,1,1,1,1,1,1
114,1,6,3,1,1,0
114,1,1,1,1,1,1
114,1,6,2,1,1,0
114,1,1,1,1,1,1
114,1,2,2,1,1,0
114,1,1,1,1,1,1
114,1,2,4,1,1,0
114,1,1,1,1,1,1
114,1,3,4,1,1,0
114,1,1,1,1,1,1
114,1,6,4,1,1,0
114,1,1,1,1,1,1
114,1,2,2,1,1,0
114,1,1,1,1,1,1
114,1,6,3,1,1,0
114,1,1,1,1,1,1
114,1,3,2,1,1,0
114,1,1,4,1,1,1
114,1,3,5,1,1,0
114,1,1,4,1,1,1
114,1,4,1,1,1,0
114,1,1,4,1,1,1
114,1,5,2,1,1,0
114,1,1,4,1,1,1
114,1,5,5,1,1,0
114,1,1,4,1,1,1
114,1,3,1,1,1,0
114,1,1,4,1,1,1
114,1,4,6,1,1,0
114,1,1,4,1,1,1
114,1,5,5,1,1,0
114,1,1,4,1,1,1
114,1,6,5,1,1,0
114,1,1,4,1,1,1
114,1,2,3,1,1,0
114,1,1,4,1,1,1
114,1,2,6,1,1,0
114,1,1,4,1,1,1
114,1,2,1,1,1,0
114,1,1,4,1,1,1
114,1,4,2,1,1,0
114,1,1,4,1,1,1
114,1,5,5,1,1,0
114,1,1,4,1,1,1
114,1,5,1,1,1,0
114,1,1,4,1,1,1
114,1,4,5,1,1,0
114,1,1,4,1,1,1
114,1,4,5,1,1,0
114,1,1,4,1,1,1
114,1,4,5,1,1,0
114,1,1,4,1,1,1
114,1,5,3,1,1,0
114,1,1,4,1,1,1
114,1,6,1,1,1,0
114,1,1,4,1,1,1
114,1,4,5,1,1,0
114,1,1,4,1,1,1
114,1,2,2,1,1,0
114,1,1,4,1,1,1
114,1,5,5,1,1,0
114,1,1,4,1,1,1
114,1,4,5,1,1,0
114,1,1,4,1,1,1
114,1,6,3,1,1,0
114,1,1,4,1,1,1
114,1,2,5,1,1,0
114,1,1,4,1,1,1
114,1,4,5,1,1,0
114,1,1,4,1,1,1
114,1,6,3,1,1,0
114,1,1,4,1,1,1
114,1,2,6,1,1,0
114,1,1,4,1,1,1
114,1,4,6,1,1,0
114,1,1,4,1,1,1
114,1,5,2,1,1,0
114,1,1,4,1,1,1
114,1,6,2,1,1,0
114,1,1,4,1,1,1
114,1,3,3,1,1,0
114,1,1,4,1,1,1
114,1,5,5,1,1,0
114,1,1,5,1,1,1
114,1,6,2,1,1,0
114,1,1,5,1,1,1
114,1,4,1,1,1,0
114,1,1,5,1,1,1
114,1,5,3,1,1,0
114,1,1,5,1,1,1
114,1,5,1,1,1,0
114,1,1,5,1,1,1
114,1,4,2,1,1,0
114,1,1,5,1,1,1
114,1,6,2,1,1,0
114,1,1,5,1,1,1
114,1,2,1,1,1,0
114,1,1,5,1,1,1
114,1,3,4,1,1,0
114,1,1,5,1,1,1
114,1,5,2,1,1,0
114,1,1,5,1,1,1
114,1,2,3,1,1,0
114,1,1,5,1,1,1
114,1,2,4,1,1,0
114,1,1,5,1,1,1
114,1,3,1,1,1,0
114,1,1,5,1,1,1
114,1,5,6,1,1,0
114,1,1,5,1,1,1
114,1,3,4,1,1,0
114,1,1,5,1,1,1
114,1,5,6,1,1,0
114,1,1,5,1,1,1
114,1,6,4,1,1,0
114,1,1,5,1,1,1
114,1,2,1,1,1,0
114,1,1,5,1,1,1
114,1,3,1,1,1,0
114,1,1,5,1,1,1
114,1,6,2,1,1,0
114,1,1,5,1,1,1
114,1,2,6,1,1,0
114,1,1,5,1,1,1
114,1,2,6,1,1,0
114,1,1,5,1,1,1
114,1,6,6,1,1,0
114,1,1,5,1,1,1
114,1,6,1,1,1,0
114,1,1,5,1,1,1
114,1,6,3,1,1,0
114,1,1,5,1,1,1
114,1,2,6,1,1,0
114,1,1,5,1,1,1
114,1,2,1,1,1,0
114,1,1,5,1,1,1
114,1,3,1,1,1,0
114,1,1,5,1,1,1
114,1,3,6,1,1,0
114,1,1,5,1,1,1
114,1,6,1,1,1,0
114,1,1,5,1,1,1
114,1,3,6,1,1,0
114,1,1,5,1,1,1
114,1,2,1,1,1,0
114,1,1,5,1,1,1
114,1,6,6,1,1,0
114,1,1,5,1,1,1
114,1,5,3,1,1,0
115,1,2,1,1,1,1
115,1,4,5,1,1,0
115,1,2,1,1,1,1
115,1,5,3,1,1,0
115,1,2,1,1,1,1
115,1,3,2,1,1,0
115,1,2,1,1,1,1
115,1,5,2,1,1,0
115,1,2,1,1,1,1
115,1,4,2,1,1,0
115,1,2,1,1,1,1
115,1,4,5,1,1,0
115,1,2,1,1,1,1
115,1,3,4,1,1,0
115,1,2,1,1,1,1
115,1,3,6,1,1,0
115,1,2,1,1,1,1
115,1,4,2,1,1,0
115,1,2,1,1,1,1
115,1,4,2,1,1,0
115,1,2,1,1,1,1
115,1,3,4,1,1,0
115,1,2,1,1,1,1
115,1,5,5,1,1,0
115,1,2,1,1,1,1
115,1,5,5,1,1,0
115,1,2,1,1,1,1
115,1,5,4,1,1,0
115,1,2,1,1,1,1
115,1,6,2,1,1,0
115,1,2,1,1,1,1
115,1,3,3,1,1,0
115,1,2,1,1,1,1
115,1,3,2,1,1,0
115,1,2,1,1,1,1
115,1,1,3,1,1,0
115,1,2,1,1,1,1
115,1,3,4,1,1,0
115,1,2,1,1,1,1
115,1,3,6,1,1,0
115,1,2,1,1,1,1
115,1,3,4,1,1,0
115,1,2,1,1,1,1
115,1,5,2,1,1,0
115,1,2,1,1,1,1
115,1,3,2,1,1,0
115,1,2,1,1,1,1
115,1,3,4,1,1,0
115,1,2,1,1,1,1
115,1,3,4,1,1,0
115,1,2,1,1,1,1
115,1,3,2,1,1,0
115,1,2,1,1,1,1
115,1,4,3,1,1,0
115,1,2,1,1,1,1
115,1,5,3,1,1,0
115,1,2,1,1,1,1
115,1,4,5,1,1,0
115,1,2,1,1,1,1
115,1,3,4,1,1,0
115,1,2,1,1,1,1
115,1,3,5,1,1,0
115,1,2,1,1,1,1
115,1,3,4,1,1,0
115,1,2,1,1,1,1
115,1,6,2,1,1,0
115,1,1,1,1,1,1
115,1,6,6,1,1,0
115,1,1,1,1,1,1
115,1,4,6,1,1,0
115,1,1,1,1,1,1
115,1,4,5,1,1,0
115,1,1,1,1,1,1
115,1,6,2,1,1,0
115,1,1,1,1,1,1
115,1,6,2,1,1,0
115,1,1,1,1,1,1
115,1,2,6,1,1,0
115,1,1,1,1,1,1
115,1,2,2,1,1,0
115,1,1,1,1,1,1
115,1,2,2,1,1,0
115,1,1,1,1,1,1
115,1,6,2,1,1,0
115,1,1,1,1,1,1
115,1,2,4,1,1,0
115,1,1,1,1,1,1
115,1,2,4,1,1,0
115,1,1,1,1,1,1
115,1,6,6,1,1,0
115,1,1,1,1,1,1
115,1,2,5,1,1,0
115,1,1,1,1,1,1
115,1,2,3,1,1,0
115,1,1,1,1,1,1
115,1,2,3,1,1,0
115,1,1,1,1,1,1
115,1,3,2,1,1,0
115,1,1,1,1,1,1
115,1,2,2,1,1,0
115,1,1,1,1,1,1
115,1,6,4,1,1,0
115,1,1,1,1,1,1
115,1,4,6,1,1,0
115,1,1,1,1,1,1
115,1,3,5,1,1,0
115,1,1,1,1,1,1
115,1,4,3,1,1,0
115,1,1,1,1,1,1
115,1,2,2,1,1,0
115,1,1,1,1,1,1
115,1,5,3,1,1,0
115,1,1,1,1,1,1
115,1,3,3,1,1,0
115,1,1,1,1,1,1
115,1,2,6,1,1,0
115,1,1,1,1,1,1
115,1,2,2,1,1,0
115,1,1,1,1,1,1
115,1,4,5,1,1,0
115,1,1,1,1,1,1
115,1,6,3,1,1,0
115,1,1,1,1,1,1
115,1,3,6,1,1,0
115,1,1,1,1,1,1
115,1,2,2,1,1,0
115,1,1,1,1,1,1
115,1,2,2,1,1,0
115,1,1,1,1,1,1
115,1,3,2,1,1,0
115,1,1,1,1,1,1
115,1,4,2,1,1,0
115,1,4,1,1,1,1
115,1,5,6,1,1,0
115,1,4,1,1,1,1
115,1,1,2,1,1,0
115,1,4,1,1,1,1
115,1,5,2,1,1,0
115,1,4,1,1,1,1
115,1,5,3,1,1,0
115,1,4,1,1,1,1
115,1,5,5,1,1,0
115,1,4,1,1,1,1
115,1,2,6,1,1,0
115,1,4,1,1,1,1
115,1,1,6,1,1,0
115,1,4,1,1,1,1
115,1,6,2,1,1,0
115,1,4,1,1,1,1
115,1,2,6,1,1,0
115,1,4,1,1,1,1
115,1,6,2,1,1,0
115,1,4,1,1,1,1
115,1,2,5,1,1,0
115,1,4,1,1,1,1
115,1,5,2,1,1,0
115,1,4,1,1,1,1
115,1,6,2,1,1,0
115,1,4,1,1,1,1
115,1,6,5,1,1,0
115,1,4,1,1,1,1
115,1,3,5,1,1,0
115,1,4,1,1,1,1
115,1,5,4,1,1,0
115,1,4,1,1,1,1
115,1,3,3,1,1,0
115,1,4,1,1,1,1
115,1,2,4,1,1,0
115,1,4,1,1,1,1
115,1,5,4,1,1,0
115,1,4,1,1,1,1
115,1,2,3,1,1,0
115,1,4,1,1,1,1
115,1,2,3,1,1,0
115,1,4,1,1,1,1
115,1,5,4,1,1,0
115,1,4,1,1,1,1
115,1,3,2,1,1,0
115,1,4,1,1,1,1
115,1,1,5,1,1,0
115,1,4,1,1,1,1
115,1,5,3,1,1,0
115,1,4,1,1,1,1
115,1,5,2,1,1,0
115,1,4,1,1,1,1
115,1,3,5,1,1,0
115,1,4,1,1,1,1
115,1,5,4,1,1,0
115,1,4,1,1,1,1
115,1,1,3,1,1,0
115,1,4,1,1,1,1
115,1,3,6,1,1,0
115,1,4,1,1,1,1
115,1,3,3,1,1,0
115,1,4,1,1,1,1
115,1,2,2,1,1,0
115,1,4,1,1,1,1
115,1,6,5,1,1,0
116,1,1,5,1,1,1
116,1,5,6,1,1,0
116,1,1,5,1,1,1
116,1,6,6,1,1,0
116,1,1,5,1,1,1
116,1,3,6,1,1,0
116,1,1,5,1,1,1
116,1,2,6,1,1,0
116,1,1,5,1,1,1
116,1,4,6,1,1,0
116,1,1,5,1,1,1
116,1,3,6,1,1,0
116,1,1,5,1,1,1
116,1,5,6,1,1,0
116,1,1,5,1,1,1
116,1,3,6,1,1,0
116,1,1,5,1,1,1
116,1,2,3,1,1,0
116,1,1,5,1,1,1
116,1,5,3,1,1,0
116,1,1,5,1,1,1
116,1,2,1,1,1,0
116,1,1,5,1,1,1
116,1,4,3,1,1,0
116,1,1,5,1,1,1
116,1,6,6,1,1,0
116,1,1,5,1,1,1
116,1,3,6,1,1,0
116,1,1,5,1,1,1
116,1,2,1,1,1,0
116,1,1,5,1,1,1
116,1,4,6,1,1,0
116,1,1,5,1,1,1
116,1,2,6,1,1,0
116,1,1,5,1,1,1
116,1,6,2,1,1,0
116,1,1,5,1,1,1
116,1,3,2,1,1,0
116,1,1,5,1,1,1
116,1,3,6,1,1,0
116,1,1,5,1,1,1
116,1,2,1,1,1,0
116,1,1,5,1,1,1
116,1,4,2,1,1,0
116,1,1,5,1,1,1
116,1,5,4,1,1,0
116,1,1,5,1,1,1
116,1,2,4,1,1,0
116,1,1,5,1,1,1
116,1,6,1,1,1,0
116,1,1,5,1,1,1
116,1,6,2,1,1,0
116,1,1,5,1,1,1
116,1,3,4,1,1,0
116,1,1,5,1,1,1
116,1,3,3,1,1,0
116,1,1,5,1,1,1
116,1,2,3,1,1,0
116,1,1,5,1,1,1
116,1,2,2,1,1,0
116,1,1,5,1,1,1
116,1,6,6,1,1,0
116,1,1,5,1,1,1
116,1,2,3,1,1,0
116,1,1,5,1,1,1
116,1,2,6,1,1,0
116,1,1,4,1,1,1
116,1,4,3,1,1,0
116,1,1,4,1,1,1
116,1,5,2,1,1,0
116,1,1,4,1,1,1
116,1,5,5,1,1,0
116,1,1,4,1,1,1
116,1,3,5,1,1,0
116,1,1,4,1,1,1
116,1,6,6,1,1,0
116,1,1,4,1,1,1
116,1,6,6,1,1,0
116,1,1,4,1,1,1
116,1,2,6,1,1,0
116,1,1,4,1,1,1
116,1,2,6,1,1,0
116,1,1,4,1,1,1
116,1,6,5,1,1,0
116,1,1,4,1,1,1
116,1,5,3,1,1,0
116,1,1,4,1,1,1
116,1,2,2,1,1,0
116,1,1,4,1,1,1
116,1,6,5,1,1,0
116,1,1,4,1,1,1
116,1,4,5,1,1,0
116,1,1,4,1,1,1
116,1,2,6,1,1,0
116,1,1,4,1,1,1
116,1,2,5,1,1,0
116,1,1,4,1,1,1
116,1,6,5,1,1,0
116,1,1,4,1,1,1
116,1,5,6,1,1,0
116,1,1,4,1,1,1
116,1,2,1,1,1,0
116,1,1,4,1,1,1
116,1,4,3,1,1,0
116,1,1,4,1,1,1
116,1,5,2,1,1,0
116,1,1,4,1,1,1
116,1,3,1,1,1,0
116,1,1,4,1,1,1
116,1,3,5,1,1,0
116,1,1,4,1,1,1
116,1,2,6,1,1,0
116,1,1,4,1,1,1
116,1,5,6,1,1,0
116,1,1,4,1,1,1
116,1,5,5,1,1,0
116,1,1,4,1,1,1
116,1,2,1,1,1,0
116,1,1,4,1,1,1
116,1,3,5,1,1,0
116,1,1,4,1,1,1
116,1,6,2,1,1,0
116,1,1,4,1,1,1
116,1,6,2,1,1,0
116,1,1,4,1,1,1
116,1,6,3,1,1,0
116,1,1,4,1,1,1
116,1,4,6,1,1,0
116,1,1,4,1,1,1
116,1,4,3,1,1,0
116,1,1,4,1,1,1
116,1,5,3,1,1,0
116,1,1,3,1,1,1
116,1,2,4,1,1,0
116,1,1,3,1,1,1
116,1,3,1,1,1,0
116,1,1,3,1,1,1
116,1,2,2,1,1,0
116,1,1,3,1,1,1
116,1,5,5,1,1,0
116,1,1,3,1,1,1
116,1,6,4,1,1,0
116,1,1,3,1,1,1
116,1,3,4,1,1,0
116,1,1,3,1,1,1
116,1,6,6,1,1,0
116,1,1,3,1,1,1
116,1,6,6,1,1,0
116,1,1,3,1,1,1
116,1,5,5,1,1,0
116,1,1,3,1,1,1
116,1,2,6,1,1,0
116,1,1,3,1,1,1
116,1,3,1,1,1,0
116,1,1,3,1,1,1
116,1,4,2,1,1,0
116,1,1,3,1,1,1
116,1,5,5,1,1,0
116,1,1,3,1,1,1
116,1,6,4,1,1,0
116,1,1,3,1,1,1
116,1,4,5,1,1,0
116,1,1,3,1,1,1
116,1,5,1,1,1,0
116,1,1,3,1,1,1
116,1,6,4,1,1,0
116,1,1,3,1,1,1
116,1,6,4,1,1,0
116,1,1,3,1,1,1
116,1,6,4,1,1,0
116,1,1,3,1,1,1
116,1,4,4,1,1,0
116,1,1,3,1,1,1
116,1,4,2,1,1,0
116,1,1,3,1,1,1
116,1,2,2,1,1,0
116,1,1,3,1,1,1
116,1,3,5,1,1,0
116,1,1,3,1,1,1
116,1,5,1,1,1,0
116,1,1,3,1,1,1
116,1,5,4,1,1,0
116,1,1,3,1,1,1
116,1,6,6,1,1,0
116,1,1,3,1,1,1
116,1,5,5,1,1,0
116,1,1,3,1,1,1
116,1,4,4,1,1,0
116,1,1,3,1,1,1
116,1,2,6,1,1,0
116,1,1,3,1,1,1
116,1,2,1,1,1,0
116,1,1,3,1,1,1
116,1,4,2,1,1,0
116,1,1,3,1,1,1
116,1,2,5,1,1,0
116,1,1,3,1,1,1
116,1,2,4,1,1,0
117,1,2,2,1,1,1
117,1,3,5,1,1,0
117,1,2,2,1,1,1
117,1,6,3,1,1,0
117,1,2,2,1,1,1
117,1,6,6,1,1,0
117,1,2,2,1,1,1
117,1,6,4,1,1,0
117,1,2,2,1,1,1
117,1,1,3,1,1,0
117,1,2,2,1,1,1
117,1,1,3,1,1,0
117,1,2,2,1,1,1
117,1,1,3,1,1,0
117,1,2,2,1,1,1
117,1,5,6,1,1,0
117,1,2,2,1,1,1
117,1,3,3,1,1,0
117,1,2,2,1,1,1
117,1,6,6,1,1,0
117,1,2,2,1,1,1
117,1,1,1,1,1,0
117,1,2,2,1,1,1
117,1,5,1,1,1,0
117,1,2,2,1,1,1
117,1,5,3,1,1,0
117,1,2,2,1,1,1
117,1,5,5,1,1,0
117,1,2,2,1,1,1
117,1,3,3,1,1,0
117,1,2,2,1,1,1
117,1,3,6,1,1,0
117,1,2,2,1,1,1
117,1,4,4,1,1,0
117,1,2,2,1,1,1
117,1,5,3,1,1,0
117,1,2,2,1,1,1
117,1,1,3,1,1,0
117,1,2,2,1,1,1
117,1,6,3,1,1,0
117,1,2,2,1,1,1
117,1,5,1,1,1,0
117,1,2,2,1,1,1
117,1,3,4,1,1,0
117,1,2,2,1,1,1
117,1,3,1,1,1,0
117,1,2,2,1,1,1
117,1,3,4,1,1,0
117,1,2,2,1,1,1
117,1,4,3,1,1,0
117,1,2,2,1,1,1
117,1,3,3,1,1,0
117,1,2,2,1,1,1
117,1,6,3,1,1,0
117,1,2,2,1,1,1
117,1,3,3,1,1,0
117,1,2,2,1,1,1
117,1,1,5,1,1,0
117,1,2,2,1,1,1
117,1,5,4,1,1,0
117,1,2,2,1,1,1
117,1,6,6,1,1,0
117,1,2,2,1,1,1
117,1,4,1,1,1,0
117,1,2,2,1,1,1
117,1,3,3,1,1,0
117,1,2,2,1,1,1
117,1,1,3,1,1,0
117,1,2,2,1,1,1
117,1,4,3,1,1,0
117,1,2,2,1,1,1
117,1,3,3,1,1,0
117,1,2,2,1,1,1
117,1,3,3,1,1,0
117,1,2,2,1,1,1
117,1,5,5,1,1,0
117,1,2,2,1,1,1
117,1,3,3,1,1,0
117,1,2,2,1,1,1
117,1,1,4,1,1,0
117,1,2,2,1,1,1
117,1,1,3,1,1,0
117,1,2,2,1,1,1
117,1,3,3,1,1,0
117,1,2,2,1,1,1
117,1,1,4,1,1,0
117,1,2,2,1,1,1
117,1,1,4,1,1,0
117,1,2,2,1,1,1
117,1,1,3,1,1,0
117,1,2,2,1,1,1
117,1,1,5,1,1,0
117,1,2,2,1,1,1
117,1,4,5,1,1,0
117,1,2,2,1,1,1
117,1,4,3,1,1,0
117,1,2,2,1,1,1
117,1,1,1,1,1,0
117,1,2,2,1,1,1
117,1,3,1,1,1,0
117,1,4,2,1,1,1
117,1,5,5,1,1,0
117,1,4,2,1,1,1
117,1,5,4,1,1,0
117,1,4,2,1,1,1
117,1,3,1,1,1,0
117,1,4,2,1,1,1
117,1,5,3,1,1,0
117,1,4,2,1,1,1
117,1,5,3,1,1,0
117,1,4,2,1,1,1
117,1,2,4,1,1,0
117,1,4,2,1,1,1
117,1,6,3,1,1,0
117,1,4,2,1,1,1
117,1,5,5,1,1,0
117,1,4,2,1,1,1
117,1,6,3,1,1,0
117,1,4,2,1,1,1
117,1,5,5,1,1,0
117,1,4,2,1,1,1
117,1,3,3,1,1,0
117,1,4,2,1,1,1
117,1,6,1,1,1,0
117,1,4,2,1,1,1
117,1,2,5,1,1,0
117,1,4,2,1,1,1
117,1,1,6,1,1,0
117,1,4,2,1,1,1
117,1,6,4,1,1,0
117,1,4,2,1,1,1
117,1,5,4,1,1,0
117,1,4,2,1,1,1
117,1,5,4,1,1,0
117,1,4,2,1,1,1
117,1,1,6,1,1,0
117,1,4,2,1,1,1
117,1,2,4,1,1,0
117,1,4,2,1,1,1
117,1,6,5,1,1,0
117,1,4,2,1,1,1
117,1,3,1,1,1,0
117,1,4,2,1,1,1
117,1,1,6,1,1,0
117,1,4,2,1,1,1
117,1,3,3,1,1,0
117,1,4,2,1,1,1
117,1,3,3,1,1,0
117,1,4,2,1,1,1
117,1,1,3,1,1,0
117,1,4,2,1,1,1
117,1,5,3,1,1,0
117,1,4,2,1,1,1
117,1,3,1,1,1,0
117,1,4,2,1,1,1
117,1,2,3,1,1,0
117,1,4,2,1,1,1
117,1,6,3,1,1,0
117,1,4,2,1,1,1
117,1,5,1,1,1,0
117,1,4,2,1,1,1
117,1,2,3,1,1,0
117,1,4,2,1,1,1
117,1,1,6,1,1,0
117,1,4,2,1,1,1
117,1,2,3,1,1,0
117,1,4,2,1,1,1
117,1,5,5,1,1,0
117,1,4,2,1,1,1
117,1,2,1,1,1,0
117,1,4,2,1,1,1
117,1,6,5,1,1,0
117,1,4,2,1,1,1
117,1,6,3,1,1,0
117,1,4,2,1,1,1
117,1,6,5,1,1,0
117,1,4,2,1,1,1
117,1,1,6,1,1,0
117,1,4,2,1,1,1
117,1,5,1,1,1,0
117,1,4,2,1,1,1
117,1,3,1,1,1,0
117,1,4,2,1,1,1
117,1,6,4,1,1,0
117,1,4,2,1,1,1
117,1,5,6,1,1,0
117,1,4,2,1,1,1
117,1,2,4,1,1,0
117,1,4,2,1,1,1
117,1,6,6,1,1,0
117,1,4,2,1,1,1
117,1,3,4,1,1,0
117,1,4,2,1,1,1
117,1,5,5,1,1,0
117,1,4,2,1,1,1
117,1,5,3,1,1,0
117,1,4,2,1,1,1
117,1,3,1,1,1,0
117,1,4,2,1,1,1
117,1,3,3,1,1,0
118,1,4,4,1,1,1
118,1,5,6,1,1,0
118,1,4,4,1,1,1
118,1,1,3,1,1,0
118,1,4,4,1,1,1
118,1,3,2,1,1,0
118,1,4,4,1,1,1
118,1,5,1,1,1,0
118,1,4,4,1,1,1
118,1,1,6,1,1,0
118,1,4,4,1,1,1
118,1,3,2,1,1,0
118,1,4,4,1,1,1
118,1,5,5,1,1,0
118,1,4,4,1,1,1
118,1,5,6,1,1,0
118,1,4,4,1,1,1
118,1,1,1,1,1,0
118,1,4,4,1,1,1
118,1,5,5,1,1,0
118,1,4,4,1,1,1
118,1,5,5,1,1,0
118,1,4,4,1,1,1
118,1,1,2,1,1,0
118,1,4,4,1,1,1
118,1,6,5,1,1,0
118,1,4,4,1,1,1
118,1,5,5,1,1,0
118,1,4,4,1,1,1
118,1,5,6,1,1,0
118,1,4,4,1,1,1
118,1,6,6,1,1,0
118,1,4,4,1,1,1
118,1,6,3,1,1,0
118,1,4,4,1,1,1
118,1,5,3,1,1,0
118,1,4,4,1,1,1
118,1,6,5,1,1,0
118,1,4,4,1,1,1
118,1,2,2,1,1,0
118,1,4,4,1,1,1
118,1,1,6,1,1,0
118,1,4,4,1,1,1
118,1,5,2,1,1,0
118,1,4,4,1,1,1
118,1,5,2,1,1,0
118,1,4,4,1,1,1
118,1,1,5,1,1,0
118,1,4,4,1,1,1
118,1,5,2,1,1,0
118,1,4,4,1,1,1
118,1,5,2,1,1,0
118,1,4,4,1,1,1
118,1,3,3,1,1,0
118,1,4,4,1,1,1
118,1,5,1,1,1,0
118,1,4,4,1,1,1
118,1,3,5,1,1,0
118,1,4,4,1,1,1
118,1,5,5,1,1,0
118,1,4,4,1,1,1
118,1,6,1,1,1,0
118,1,4,4,1,1,1
118,1,3,3,1,1,0
118,1,4,4,1,1,1
118,1,6,5,1,1,0
118,1,4,4,1,1,1
118,1,3,5,1,1,0
118,1,4,4,1,1,1
118,1,5,6,1,1,0
118,1,4,4,1,1,1
118,1,6,1,1,1,0
118,1,4,4,1,1,1
118,1,5,5,1,1,0
118,1,4,4,1,1,1
118,1,1,3,1,1,0
118,1,4,4,1,1,1
118,1,2,2,1,1,0
118,1,4,4,1,1,1
118,1,5,3,1,1,0
118,1,4,4,1,1,1
118,1,5,1,1,1,0
118,1,4,4,1,1,1
118,1,5,6,1,1,0
118,1,4,4,1,1,1
118,1,2,1,1,1,0
118,1,4,4,1,1,1
118,1,5,3,1,1,0
118,1,4,4,1,1,1
118,1,5,3,1,1,0
118,1,4,4,1,1,1
118,1,5,1,1,1,0
118,1,4,4,1,1,1
118,1,5,1,1,1,0
118,1,4,4,1,1,1
118,1,2,3,1,1,0
118,1,4,4,1,1,1
118,1,2,3,1,1,0
118,1,4,4,1,1,1
118,1,2,5,1,1,0
118,1,4,5,1,1,1
118,1,5,2,1,1,0
118,1,4,5,1,1,1
118,1,5,4,1,1,0
118,1,4,5,1,1,1
118,1,5,6,1,1,0
118,1,4,5,1,1,1
118,1,6,6,1,1,0
118,1,4,5,1,1,1
118,1,2,4,1,1,0
118,1,4,5,1,1,1
118,1,2,2,1,1,0
118,1,4,5,1,1,1
118,1,5,1,1,1,0
118,1,4,5,1,1,1
118,1,6,2,1,1,0
118,1,4,5,1,1,1
118,1,6,6,1,1,0
118,1,4,5,1,1,1
118,1,1,6,1,1,0
118,1,4,5,1,1,1
118,1,5,4,1,1,0
118,1,4,5,1,1,1
118,1,6,6,1,1,0
118,1,4,5,1,1,1
118,1,5,4,1,1,0
118,1,4,5,1,1,1
118,1,5,2,1,1,0
118,1,4,5,1,1,1
118,1,3,1,1,1,0
118,1,4,5,1,1,1
118,1,2,6,1,1,0
118,1,4,5,1,1,1
118,1,5,6,1,1,0
118,1,4,5,1,1,1
118,1,3,6,1,1,0
118,1,4,5,1,1,1
118,1,1,4,1,1,0
118,1,4,5,1,1,1
118,1,2,6,1,1,0
118,1,4,5,1,1,1
118,1,6,2,1,1,0
118,1,4,5,1,1,1
118,1,2,6,1,1,0
118,1,4,5,1,1,1
118,1,5,2,1,1,0
118,1,4,5,1,1,1
118,1,2,1,1,1,0
118,1,4,5,1,1,1
118,1,2,4,1,1,0
118,1,4,5,1,1,1
118,1,2,2,1,1,0
118,1,4,5,1,1,1
118,1,1,1,1,1,0
118,1,4,5,1,1,1
118,1,1,2,1,1,0
118,1,4,5,1,1,1
118,1,2,6,1,1,0
118,1,4,5,1,1,1
118,1,5,3,1,1,0
118,1,4,5,1,1,1
118,1,3,3,1,1,0
118,1,4,5,1,1,1
118,1,3,4,1,1,0
118,1,4,5,1,1,1
118,1,1,6,1,1,0
118,1,4,5,1,1,1
118,1,2,3,1,1,0
118,1,4,5,1,1,1
118,1,1,6,1,1,0
118,1,4,5,1,1,1
118,1,2,4,1,1,0
118,1,4,5,1,1,1
118,1,6,3,1,1,0
118,1,4,5,1,1,1
118,1,5,1,1,1,0
118,1,4,5,1,1,1
118,1,5,1,1,1,0
118,1,4,5,1,1,1
118,1,2,3,1,1,0
118,1,4,5,1,1,1
118,1,6,6,1,1,0
118,1,4,5,1,1,1
118,1,6,6,1,1,0
118,1,4,5,1,1,1
118,1,3,2,1,1,0
118,1,4,5,1,1,1
118,1,5,2,1,1,0
118,1,4,5,1,1,1
118,1,3,6,1,1,0
118,1,4,5,1,1,1
118,1,6,3,1,1,0
118,1,4,5,1,1,1
118,1,3,6,1,1,0
118,1,4,5,1,1,1
118,1,3,6,1,1,0
118,1,4,5,1,1,1
118,1,2,1,1,1,0
118,1,4,5,1,1,1
118,1,1,4,1,1,0
119,1,5,1,1,1,1
119,1,2,4,1,1,0
119,1,5,1,1,1,1
119,1,1,6,1,1,0
119,1,5,1,1,1,1
119,1,6,4,1,1,0
119,1,5,1,1,1,1
119,1,6,4,1,1,0
119,1,5,1,1,1,1
119,1,1,4,1,1,0
119,1,5,1,1,1,1
119,1,3,4,1,1,0
119,1,5,1,1,1,1
119,1,2,5,1,1,0
119,1,5,1,1,1,1
119,1,2,4,1,1,0
119,1,5,1,1,1,1
119,1,2,2,1,1,0
119,1,5,1,1,1,1
119,1,4,3,1,1,0
119,1,5,1,1,1,1
119,1,6,5,1,1,0
119,1,5,1,1,1,1
119,1,6,5,1,1,0
119,1,5,1,1,1,1
119,1,6,6,1,1,0
119,1,5,1,1,1,1
119,1,4,6,1,1,0
119,1,5,1,1,1,1
119,1,3,5,1,1,0
119,1,5,1,1,1,1
119,1,3,4,1,1,0
119,1,5,1,1,1,1
119,1,6,3,1,1,0
119,1,5,1,1,1,1
119,1,3,2,1,1,0
119,1,5,1,1,1,1
119,1,4,4,1,1,0
119,1,5,1,1,1,1
119,1,4,6,1,1,0
119,1,5,1,1,1,1
119,1,4,4,1,1,0
119,1,5,1,1,1,1
119,1,6,6,1,1,0
119,1,5,1,1,1,1
119,1,4,4,1,1,0
119,1,5,1,1,1,1
119,1,3,3,1,1,0
119,1,5,1,1,1,1
119,1,1,2,1,1,0
119,1,5,1,1,1,1
119,1,6,2,1,1,0
119,1,5,1,1,1,1
119,1,6,2,1,1,0
119,1,5,1,1,1,1
119,1,4,3,1,1,0
119,1,5,1,1,1,1
119,1,4,6,1,1,0
119,1,5,1,1,1,1
119,1,1,3,1,1,0
119,1,5,1,1,1,1
119,1,6,2,1,1,0
119,1,5,1,1,1,1
119,1,4,2,1,1,0
119,1,5,1,1,1,1
119,1,6,4,1,1,0
119,1,5,6,1,1,1
119,1,6,5,1,1,0
119,1,5,6,1,1,1
119,1,3,5,1,1,0
119,1,5,6,1,1,1
119,1,4,4,1,1,0
119,1,5,6,1,1,1
119,1,1,5,1,1,0
119,1,5,6,1,1,1
119,1,6,1,1,1,0
119,1,5,6,1,1,1
119,1,6,2,1,1,0
119,1,5,6,1,1,1
119,1,6,1,1,1,0
119,1,5,6,1,1,1
119,1,4,3,1,1,0
119,1,5,6,1,1,1
119,1,6,2,1,1,0
119,1,5,6,1,1,1
119,1,6,5,1,1,0
119,1,5,6,1,1,1
119,1,2,1,1,1,0
119,1,5,6,1,1,1
119,1,2,2,1,1,0
119,1,5,6,1,1,1
119,1,2,1,1,1,0
119,1,5,6,1,1,1
119,1,1,2,1,1,0
119,1,5,6,1,1,1
119,1,6,4,1,1,0
119,1,5,6,1,1,1
119,1,1,5,1,1,0
119,1,5,6,1,1,1
119,1,2,4,1,1,0
119,1,5,6,1,1,1
119,1,6,1,1,1,0
119,1,5,6,1,1,1
119,1,2,3,1,1,0
119,1,5,6,1,1,1
119,1,1,5,1,1,0
119,1,5,6,1,1,1
119,1,2,5,1,1,0
119,1,5,6,1,1,1
119,1,4,5,1,1,0
119,1,5,6,1,1,1
119,1,3,2,1,1,0
119,1,5,6,1,1,1
119,1,3,4,1,1,0
119,1,5,6,1,1,1
119,1,3,1,1,1,0
119,1,5,6,1,1,1
119,1,6,5,1,1,0
119,1,5,6,1,1,1
119,1,1,3,1,1,0
119,1,5,6,1,1,1
119,1,6,5,1,1,0
119,1,5,6,1,1,1
119,1,4,5,1,1,0
119,1,5,6,1,1,1
119,1,2,3,1,1,0
119,1,5,6,1,1,1
119,1,6,2,1,1,0
119,1,5,6,1,1,1
119,1,6,4,1,1,0
119,1,5,6,1,1,1
119,1,6,5,1,1,0
119,1,5,3,1,1,1
119,1,1,5,1,1,0
119,1,5,3,1,1,1
119,1,1,6,1,1,0
119,1,5,3,1,1,1
119,1,4,4,1,1,0
119,1,5,3,1,1,1
119,1,6,4,1,1,0
119,1,5,3,1,1,1
119,1,6,2,1,1,0
119,1,5,3,1,1,1
119,1,6,2,1,1,0
119,1,5,3,1,1,1
119,1,1,4,1,1,0
119,1,5,3,1,1,1
119,1,3,2,1,1,0
119,1,5,3,1,1,1
119,1,4,2,1,1,0
119,1,5,3,1,1,1
119,1,6,6,1,1,0
119,1,5,3,1,1,1
119,1,1,1,1,1,0
119,1,5,3,1,1,1
119,1,1,1,1,1,0
119,1,5,3,1,1,1
119,1,6,5,1,1,0
119,1,5,3,1,1,1
119,1,3,4,1,1,0
119,1,5,3,1,1,1
119,1,2,4,1,1,0
119,1,5,3,1,1,1
119,1,3,4,1,1,0
119,1,5,3,1,1,1
119,1,6,4,1,1,0
119,1,5,3,1,1,1
119,1,1,5,1,1,0
119,1,5,3,1,1,1
119,1,6,4,1,1,0
119,1,5,3,1,1,1
119,1,6,2,1,1,0
119,1,5,3,1,1,1
119,1,6,4,1,1,0
119,1,5,3,1,1,1
119,1,2,6,1,1,0
119,1,5,3,1,1,1
119,1,6,1,1,1,0
119,1,5,3,1,1,1
119,1,6,1,1,1,0
119,1,5,3,1,1,1
119,1,6,2,1,1,0
119,1,5,3,1,1,1
119,1,6,4,1,1,0
119,1,5,3,1,1,1
119,1,6,2,1,1,0
119,1,5,3,1,1,1
119,1,6,2,1,1,0
119,1,5,3,1,1,1
119,1,2,2,1,1,0
119,1,5,3,1,1,1
119,1,2,4,1,1,0
119,1,5,3,1,1,1
119,1,4,1,1,1,0
119,1,5,3,1,1,1
119,1,4,2,1,1,0
119,1,5,3,1,1,1
119,1,1,4,1,1,0
120,1,6,1,1,1,1
120,1,1,2,1,1,0
120,1,6,1,1,1,1
120,1,4,2,1,1,0
120,1,6,1,1,1,1
120,1,3,4,1,1,0
120,1,6,1,1,1,1
120,1,4,4,1,1,0
120,1,6,1,1,1,1
120,1,5,3,1,1,0
120,1,6,1,1,1,1
120,1,4,5,1,1,0
120,1,6,1,1,1,1
120,1,3,6,1,1,0
120,1,6,1,1,1,1
120,1,5,2,1,1,0
120,1,6,1,1,1,1
120,1,4,3,1,1,0
120,1,6,1,1,1,1
120,1,2,6,1,1,0
120,1,6,1,1,1,1
120,1,4,4,1,1,0
120,1,6,1,1,1,1
120,1,2,5,1,1,0
120,1,6,1,1,1,1
120,1,5,3,1,1,0
120,1,6,1,1,1,1
120,1,5,5,1,1,0
120,1,6,1,1,1,1
120,1,1,2,1,1,0
120,1,6,1,1,1,1
120,1,1,4,1,1,0
120,1,6,1,1,1,1
120,1,5,6,1,1,0
120,1,6,1,1,1,1
120,1,5,2,1,1,0
120,1,6,1,1,1,1
120,1,5,3,1,1,0
120,1,6,1,1,1,1
120,1,2,2,1,1,0
120,1,6,1,1,1,1
120,1,3,2,1,1,0
120,1,6,1,1,1,1
120,1,3,3,1,1,0
120,1,6,1,1,1,1
120,1,1,2,1,1,0
120,1,6,1,1,1,1
120,1,5,6,1,1,0
120,1,6,1,1,1,1
120,1,1,4,1,1,0
120,1,6,1,1,1,1
120,1,5,2,1,1,0
120,1,6,1,1,1,1
120,1,3,6,1,1,0
120,1,6,1,1,1,1
120,1,4,5,1,1,0
120,1,6,1,1,1,1
120,1,5,3,1,1,0
120,1,6,1,1,1,1
120,1,5,5,1,1,0
120,1,6,1,1,1,1
120,1,5,3,1,1,0
120,1,6,1,1,1,1
120,1,2,2,1,1,0
120,1,6,1,1,1,1
120,1,1,3,1,1,0
120,1,6,6,1,1,1
120,1,2,1,1,1,0
120,1,6,6,1,1,1
120,1,5,2,1,1,0
120,1,6,6,1,1,1
120,1,5,5,1,1,0
120,1,6,6,1,1,1
120,1,5,5,1,1,0
120,1,6,6,1,1,1
120,1,5,5,1,1,0
120,1,6,6,1,1,1
120,1,5,1,1,1,0
120,1,6,6,1,1,1
120,1,5,2,1,1,0
120,1,6,6,1,1,1
120,1,1,1,1,1,0
120,1,6,6,1,1,1
120,1,3,5,1,1,0
120,1,6,6,1,1,1
120,1,2,2,1,1,0
120,1,6,6,1,1,1
120,1,5,5,1,1,0
120,1,6,6,1,1,1
120,1,2,4,1,1,0
120,1,6,6,1,1,1
120,1,5,1,1,1,0
120,1,6,6,1,1,1
120,1,4,3,1,1,0
120,1,6,6,1,1,1
120,1,5,5,1,1,0
120,1,6,6,1,1,1
120,1,5,5,1,1,0
120,1,6,6,1,1,1
120,1,5,1,1,1,0
120,1,6,6,1,1,1
120,1,5,1,1,1,0
120,1,6,6,1,1,1
120,1,4,2,1,1,0
120,1,6,6,1,1,1
120,1,5,5,1,1,0
120,1,6,6,1,1,1
120,1,4,5,1,1,0
120,1,6,6,1,1,1
120,1,3,4,1,1,0
120,1,6,6,1,1,1
120,1,3,4,1,1,0
120,1,6,6,1,1,1
120,1,1,5,1,1,0
120,1,6,6,1,1,1
120,1,5,5,1,1,0
120,1,6,6,1,1,1
120,1,3,4,1,1,0
120,1,6,6,1,1,1
120,1,1,2,1,1,0
120,1,6,6,1,1,1
120,1,1,1,1,1,0
120,1,6,6,1,1,1
120,1,5,5,1,1,0
120,1,6,6,1,1,1
120,1,2,3,1,1,0
120,1,6,6,1,1,1
120,1,2,4,1,1,0
120,1,6,6,1,1,1
120,1,3,5,1,1,0
120,1,6,6,1,1,1
120,1,2,1,1,1,0
120,1,6,3,1,1,1
120,1,2,4,1,1,0
120,1,6,3,1,1,1
120,1,3,4,1,1,0
120,1,6,3,1,1,1
120,1,3,5,1,1,0
120,1,6,3,1,1,1
120,1,4,2,1,1,0
120,1,6,3,1,1,1
120,1,1,6,1,1,0
120,1,6,3,1,1,1
120,1,5,1,1,1,0
120,1,6,3,1,1,1
120,1,4,2,1,1,0
120,1,6,3,1,1,1
120,1,5,6,1,1,0
120,1,6,3,1,1,1
120,1,5,1,1,1,0
120,1,6,3,1,1,1
120,1,3,5,1,1,0
120,1,6,3,1,1,1
120,1,2,5,1,1,0
120,1,6,3,1,1,1
120,1,4,4,1,1,0
120,1,6,3,1,1,1
120,1,2,5,1,1,0
120,1,6,3,1,1,1
120,1,2,6,1,1,0
120,1,6,3,1,1,1
120,1,3,6,1,1,0
120,1,6,3,1,1,1
120,1,5,4,1,1,0
120,1,6,3,1,1,1
120,1,2,1,1,1,0
120,1,6,3,1,1,1
120,1,2,6,1,1,0
120,1,6,3,1,1,1
120,1,5,1,1,1,0
120,1,6,3,1,1,1
120,1,2,4,1,1,0
120,1,6,3,1,1,1
120,1,3,4,1,1,0
120,1,6,3,1,1,1
120,1,5,1,1,1,0
120,1,6,3,1,1,1
120,1,2,4,1,1,0
120,1,6,3,1,1,1
120,1,3,6,1,1,0
120,1,6,3,1,1,1
120,1,1,5,1,1,0
120,1,6,3,1,1,1
120,1,4,4,1,1,0
120,1,6,3,1,1,1
120,1,1,5,1,1,0
120,1,6,3,1,1,1
120,1,4,2,1,1,0
120,1,6,3,1,1,1
120,1,1,4,1,1,0
120,1,6,3,1,1,1
120,1,2,2,1,1,0
120,1,6,3,1,1,1
120,1,2,5,1,1,0
120,1,6,3,1,1,1
120,1,3,5,1,1,0
120,1,6,3,1,1,1
120,1,5,5,1,1,0
